1.000000 0.000000 0.000000
0.000000 1.000000 0.000000
0.000000 0.000000 1.000000
2.000000 0.000000 0.000000
0.000000 2.000000 0.000000
0.000000 0.000000 2.000000
2.012504 2.010065 0.989685 W
2.006260 0.484477 1.475579 W
0.507930 1.974123 1.512713 W
2.011629 1.974905 1.964174 W
1.992981 0.500986 0.504913 W
1.959608 1.001860 1.007714 W
1.959663 1.520695 1.488836 W
0.528324 2.039932 0.506734 W
0.479197 0.474559 0.964339 W
0.487865 1.024531 1.461894 W
1.022165 1.973961 1.023563 W
1.037198 0.489545 1.468863 W
1.486283 2.005661 1.517616 W
1.984617 0.992427 1.974045 W
1.990428 1.452835 0.497551 W
0.518847 0.484200 2.003977 W
0.456107 1.013528 0.497870 W
0.492733 1.511578 0.985225 W
1.000149 2.004131 1.951208 W
0.994827 0.526203 0.498008 W
0.969744 1.013153 1.018553 W
1.031273 1.497743 1.496142 W
1.486952 2.024536 0.499585 W
1.481035 0.465918 1.026227 W
1.502769 1.043713 1.506096 W
0.495367 1.503877 2.029079 W
0.962735 1.027378 2.002334 W
1.037922 1.522664 0.495121 W
1.470202 0.494321 1.985558 W
1.524234 0.964013 0.478427 W
1.526246 1.517364 1.010144 W
1.504338 1.530928 2.006809 W
