-3.840469013260357087e+02
-3.840290024553997910e+02
-3.839759009994195367e+02
-3.838883697804631083e+02
-3.837674509541672592e+02
-3.836144755261249770e+02
-3.834310981190874372e+02
-3.832193181028827667e+02
-3.829815111729431578e+02
-3.827204378676493093e+02
-3.824392555160390543e+02
-3.821414975528304012e+02
-3.818310480509263130e+02
-3.815120773280892763e+02
-3.811889658247119428e+02
-3.808661902817576674e+02
-3.805481977902877020e+02
-3.802392540273750114e+02
-3.799432868960065548e+02
-3.796637282402463143e+02
-3.794033651506487672e+02
-3.791642188665267099e+02
-3.789474461463381090e+02
-3.787532968708814565e+02
-3.785810948910306024e+02
-3.784292902207308202e+02
-3.782955225261220562e+02
-3.781767543447967910e+02
-3.780693896584071467e+02
-3.779694498385708243e+02
-3.778727038829846379e+02
-3.777748433564915445e+02
-3.776715875690239272e+02
-3.775588210451524560e+02
-3.774326515218985492e+02
-3.772894975144239993e+02
-3.771260983227906536e+02
-3.769395547722122046e+02
-3.767273062233800260e+02
-3.764871448835106662e+02
-3.762171810611509954e+02
-3.759158555077199253e+02
-3.755819227266310918e+02
-3.752144853495594816e+02
-3.748130244751631608e+02
-3.743774831265121747e+02
-3.739083647761038378e+02
-3.734068811769762988e+02
-3.728751282468315935e+02
-3.723162900286829426e+02
-3.717348644340577835e+02
-3.711368675649611077e+02
-3.705300190117731631e+02
-3.699238250075484871e+02
-3.693295663084596754e+02
-3.687600891037239990e+02
-3.682294291129610997e+02
-3.677521829831113678e+02
-3.673427183788181196e+02
-3.670142032087030088e+02
-3.667776173721680948e+02
-3.666408002280488745e+02
-3.666077117927270592e+02
-3.666779908344466890e+02
-3.668468878613994093e+02
-3.671055994715515567e+02
-3.674419250987375563e+02
-3.678412031655398664e+02
-3.682873260710477439e+02
-3.687637984389697863e+02
-3.692546208243985575e+02
-3.697450423578951586e+02
-3.702220214107175593e+02
-3.706745236325327824e+02
-3.710935533659948646e+02
-3.714720919110817476e+02
-3.718048617497325381e+02
-3.720880869486475717e+02
-3.723191692278675191e+02
-3.724964193651988467e+02
-3.726187645144899534e+02
-3.726855331260870798e+02
-3.726962475900297704e+02
-3.726504934439239491e+02
-3.725478151414905597e+02
-3.723876790404534063e+02
-3.721694799779612595e+02
-3.718926071762294896e+02
-3.715565757337118384e+02
-3.711612129006750251e+02
-3.707069340610257200e+02
-3.701950650429510006e+02
-3.696282664154337567e+02
-3.690109712643961757e+02
-3.683498987671968052e+02
-3.676544901986634386e+02
-3.669373230924488212e+02
-3.662142850596578683e+02
-3.655045492840947077e+02
-3.648301151410267948e+02
-3.642149948076403234e+02
-3.636838868789570824e+02
-3.632605449739316441e+02
-3.629658629335712590e+02
-3.628160294960577517e+02
-3.628209260890452583e+02
-3.629831048380181073e+02
-3.632974779976439663e+02
-3.637517980589449280e+02
-3.643278487166741684e+02
-3.650031131425625404e+02
-3.657527085402625744e+02
-3.665512336731069922e+02
-3.673744097687311978e+02
-3.682002610961737332e+02
-3.690099126072079230e+02
-3.697878954590985359e+02
-3.705221730555953741e+02
-3.712038479049227817e+02
-3.718267744858366086e+02
-3.723870414162444717e+02
-3.728824962275047028e+02
-3.733122549591385564e+02
-3.736763101986879292e+02
-3.739751711361371918e+02
-3.742096022417238146e+02
-3.743804041317510496e+02
-3.744882715076722661e+02
-3.745336917745842129e+02
-3.745168977041519724e+02
-3.744378613973063352e+02
-3.742963261381078723e+02
-3.740918880398874080e+02
-3.738241066420831658e+02
-3.734926789460195664e+02
-3.730976378791732486e+02
-3.726396274324195019e+02
-3.721201901113284407e+02
-3.715421298735356004e+02
-3.709098533251226968e+02
-3.702297498682589207e+02
-3.695104763602902835e+02
-3.687631946881882641e+02
-3.680015980736029633e+02
-3.672417716750844647e+02
-3.665017314274713272e+02
-3.658007200349773598e+02
-3.651581790687187095e+02
-3.645925489199989329e+02
-3.641199459156261469e+02
-3.637529238644557381e+02
-3.634994578095057136e+02
-3.633623115424308025e+02
-3.633388959694685241e+02
-3.634216010856355297e+02
-3.635986013173638867e+02
-3.638549226545703732e+02
-3.641737159282609468e+02
-3.645374487533159709e+02
-3.649290196861422260e+02
-3.653325584140419551e+02
-3.657340293962804481e+02
-3.661214888643551149e+02
-3.664851893396850642e+02
-3.668174352606654338e+02
-3.671123924635496110e+02
-3.673657702178513773e+02
-3.675745421569794189e+02
-3.677366283038313099e+02
-3.678506553518232636e+02
-3.679157262374704942e+02
-3.679312717562218040e+02
-3.678969347434618271e+02
-3.678125232178376791e+02
-3.676780088980206074e+02
-3.674935768146177111e+02
-3.672597301246041752e+02
-3.669774259322782655e+02
-3.666482715241444907e+02
-3.662747258254747749e+02
-3.658603520246761605e+02
-3.654100338355424924e+02
-3.649302108412227881e+02
-3.644290117888297118e+02
-3.639163478812412791e+02
-3.634038237391568487e+02
-3.629045404863161366e+02
-3.624326609368950471e+02
-3.620028415701289646e+02
-3.616294534047566458e+02
-3.613257435329467171e+02
-3.611029327116488616e+02
-3.609694225729696200e+02
-3.609301558495751010e+02
-3.609862551369253652e+02
-3.611349678899157425e+02
-3.613699262448985792e+02
-3.616816969717835377e+02
-3.620585109821217884e+02
-3.624871249532844786e+02
-3.629536509377454649e+02
-3.634443454902658459e+02
-3.639462120329639561e+02
-3.644474794541322353e+02
-3.649378558634567185e+02
-3.654086713246580302e+02
-3.658528446020987985e+02
-3.662647992151420908e+02
-3.666402790180715670e+02
-3.669761699939440405e+02
-3.672702848632523001e+02
-3.675211859138449881e+02
-3.677280107244314991e+02
-3.678903447572614596e+02
-3.680081189824322792e+02
-3.680815479109953685e+02
-3.681111064243682449e+02
-3.680975340162963789e+02
-3.680418870414118260e+02
-3.679456036448308396e+02
-3.678106211991221244e+02
-3.676394869789552331e+02
-3.674355194051593685e+02
-3.672029326973818115e+02
-3.669469974256982709e+02
-3.666741223715902152e+02
-3.663919385972771465e+02
-3.661092531236415653e+02
-3.658359627035212043e+02
-3.655827933534129670e+02
-3.653609746585893845e+02
-3.651817367773035130e+02
-3.650557681402596018e+02
-3.649925661317280969e+02
-3.649998400283122919e+02
-3.650829399955568988e+02
-3.652444586593379086e+02
-3.654839919972894222e+02
-3.657981402770589057e+02
-3.661807190300407910e+02
-3.666231689808072929e+02
-3.671151152126918760e+02
-3.676449947304454327e+02
-3.682007133738292737e+02
-3.687702309579897815e+02
-3.693420798696611200e+02
-3.699057311398249794e+02
-3.704518649131242114e+02
-3.709724818506898600e+02
-3.714609447369671216e+02
-3.719119018589559005e+02
-3.723211863952642489e+02
-3.726856489464408924e+02
-3.730030034423259053e+02
-3.732716462548815457e+02
-3.734905105260820051e+02
-3.736589181569689231e+02
-3.737764724216557966e+02
-3.738429632186005165e+02
-3.738583090719695861e+02
-3.738225219429061781e+02
-3.737357014758414948e+02
-3.735980605697625947e+02
-3.734099739678915739e+02
-3.731720661546419819e+02
-3.728853144031983788e+02
-3.725511978193032405e+02
-3.721718489971622148e+02
-3.717502506756246703e+02
-3.712904119065089503e+02
-3.707975726778773833e+02
-3.702783471305640433e+02
-3.697408577392678239e+02
-3.691947509358602133e+02
-3.686511490164198790e+02
-3.681224254735913632e+02
-3.676218758484996556e+02
-3.671631928236847671e+02
-3.667598484655860034e+02
-3.664243481799565529e+02
-3.661674859144096672e+02
-3.659976227943508320e+02
-3.659201167107981973e+02
-3.659369427898131448e+02
-3.660465721487131532e+02
-3.662441213592472877e+02
-3.665217394358439833e+02
-3.668692067697743937e+02
-3.672746294841311965e+02
-3.677252026889498211e+02
-3.682079008275368892e+02
-3.687101099552652954e+02
-3.692200852527182633e+02
-3.697273023354321140e+02
-3.702226231058787107e+02
-3.706983769091850718e+02
-3.711483054966054738e+02
-3.715674731155297650e+02
-3.719521024445454032e+02
-3.722994192888367024e+02
-3.726074727791504984e+02
-3.728749873991015988e+02
-3.731012226494466972e+02
-3.732858681485936359e+02
-3.734289650275844110e+02
-3.735308553680403634e+02
-3.735921689738341911e+02
-3.736138257817350450e+02
-3.735970808315161662e+02
-3.735435699683279722e+02
-3.734554005408955959e+02
-3.733352226103547196e+02
-3.731863397103390412e+02
-3.730127754270275204e+02
-3.728193663006661609e+02
-3.726117780400371089e+02
-3.723965246711085229e+02
-3.721808794839529924e+02
-3.719727657856867609e+02
-3.717805206794968740e+02
-3.716126322865890188e+02
-3.714773630400928823e+02
-3.713823729915828267e+02
-3.713342863840813379e+02
-3.713383168847706202e+02
-3.713979218213291347e+02
-3.715145810960527228e+02
-3.716876790520751683e+02
-3.719145382811051377e+02
-3.721905816413769230e+02
-3.725096104542059834e+02
-3.728641744279802310e+02
-3.732459762717611511e+02
-3.736463024751328135e+02
-3.740564027365118136e+02
-3.744678412105203620e+02
-3.748727461543325035e+02
-3.752640115250217718e+02
-3.756353892219663635e+02
-3.759815455848572014e+02
-3.762980300231387218e+02
-3.765812331692900443e+02
-3.768282893551134975e+02
-3.770369920028957154e+02
-3.772056819054443508e+02
-3.773331619755970792e+02
-3.774186071769674982e+02
-3.774615047613751813e+02
-3.774616050451065803e+02
-3.774189002088515394e+02
-3.773336242729060359e+02
-3.772062751475967275e+02
-3.770376662247701347e+02
-3.768289907058497192e+02
-3.765819200402074785e+02
-3.762987008052842839e+02
-3.759822839490583419e+02
-3.756364304667804959e+02
-3.752658365219674579e+02
-3.748762029283033144e+02
-3.744742985306240826e+02
-3.740679280819760493e+02
-3.736658620220034095e+02
-3.732776374260514558e+02
-3.729132994399132599e+02
-3.725830102208308290e+02
-3.722966133694370683e+02
-3.720631152634301770e+02
-3.718901856781229753e+02
-3.717836717937124149e+02
-3.717472228745253915e+02
-3.717820351987383560e+02
-3.718867678156907459e+02
-3.720576338447495459e+02
-3.722886486234856420e+02
-3.725720255419345790e+02
-3.728986416716462600e+02
-3.732585668993503987e+02
-3.736415522761851662e+02
-3.740375017972220348e+02
-3.744368249347122628e+02
-3.748307337945125823e+02
-3.752114007304266465e+02
-3.755720659063377411e+02
-3.759070284436901375e+02
-3.762116168246196821e+02
-3.764820821663374772e+02
-3.767155015718624895e+02
-3.769096412959771101e+02
-3.770628495373018723e+02
-3.771739365007273364e+02
-3.772420912037361518e+02
-3.772668031964435613e+02
-3.772478204542020421e+02
-3.771851247030238028e+02
-3.770789352903910299e+02
-3.769297410867266080e+02
-3.767383517233296288e+02
-3.765059832287184918e+02
-3.762343505841418505e+02
-3.759257958928717471e+02
-3.755834045347093593e+02
-3.752111483442538429e+02
-3.748139874601664587e+02
-3.743979771181865885e+02
-3.739702926750095457e+02
-3.735392262350223405e+02
-3.731140594315367593e+02
-3.727048764737890565e+02
-3.723222320463688106e+02
-3.719767563737603950e+02
-3.716786428281627082e+02
-3.714371208734073093e+02
-3.712598999854101294e+02
-3.711526905270558814e+02
-3.711188152344676610e+02
-3.711589855018709727e+02
-3.712712545030522620e+02
-3.714511548662894143e+02
-3.716920161899196273e+02
-3.719853973810492676e+02
-3.723216233186300883e+02
-3.726903186047725853e+02
-3.730809481038128865e+02
-3.734832543039287884e+02
-3.738876402203021030e+02
-3.742854065629799720e+02
-3.746689262009768981e+02
-3.750316852862147243e+02
-3.753682887844967127e+02
-3.756743729127797451e+02
-3.759465163243302754e+02
-3.761821020324737788e+02
-3.763792027542331198e+02
-3.765364506198716299e+02
-3.766529414893784633e+02
-3.767281460340483932e+02
-3.767618550985537240e+02
-3.767541471043745673e+02
-3.767053825240927267e+02
-3.766162298990036561e+02
-3.764877079148234884e+02
-3.763212644423112465e+02
-3.761188563086974455e+02
-3.758830649180808336e+02
-3.756171899100705218e+02
-3.753253682215181470e+02
-3.750126393777089220e+02
-3.746850138096158389e+02
-3.743494497856552243e+02
-3.740138035625956832e+02
-3.736866559621756210e+02
-3.733770911678210496e+02
-3.730943477197242828e+02
-3.728474312691452042e+02
-3.726446433336629411e+02
-3.724931264659078352e+02
-3.723984127089665890e+02
-3.723640711321783670e+02
-3.723914576116227977e+02
-3.724796193937035014e+02
-3.726253590952181867e+02
-3.728234429935816934e+02
-3.730669496876269591e+02
-3.733476833872274483e+02
-3.736566577962109932e+02
-3.739845418760988878e+02
-3.743220993087177817e+02
-3.746605175171303017e+02
-3.749916917131263290e+02
-3.753083754747921148e+02
-3.756042902108745238e+02
-3.758741190514341497e+02
-3.761134864757388527e+02
-3.763188592684650757e+02
-3.764874611945490415e+02
-3.766171449933991084e+02
-3.767062970035167382e+02
-3.767537261258053150e+02
-3.767585926368603282e+02
-3.767203405340049471e+02
-3.766386680023543931e+02
-3.765135150566717357e+02
-3.763450828750046071e+02
-3.761338797107165419e+02
-3.758807888248038012e+02
-3.755871686476698414e+02
-3.752549598158802837e+02
-3.748868227833189621e+02
-3.744862590037886321e+02
-3.740577488721502846e+02
-3.736068385373450269e+02
-3.731402152464897881e+02
-3.726656881369938219e+02
-3.721921216022141152e+02
-3.717292360553430512e+02
-3.712873372672893311e+02
-3.708769088560715090e+02
-3.705081480723083018e+02
-3.701904190063107194e+02
-3.699317179108651317e+02
-3.697381645797635770e+02
-3.696136031605023504e+02
-3.695593445408718480e+02
-3.695740826156168168e+02
-3.696540082054141294e+02
-3.697930770118518353e+02
-3.699834408358093469e+02
-3.702159351245559833e+02
-3.704806374467691512e+02
-3.707673644466875658e+02
-3.710661528509750156e+02
-3.713676038216337929e+02
-3.716631731984145404e+02
-3.719453074869435341e+02
-3.722075380366677564e+02
-3.724444495399997095e+02
-3.726516384940308626e+02
-3.728255913479762853e+02
-3.729635835650823878e+02
-3.730635388049858534e+02
-3.731239273900350213e+02
-3.731436547626391302e+02
-3.731219945218628027e+02
-3.730585319297717319e+02
-3.729531483005989685e+02
-3.728060303181798645e+02
-3.726177116591280196e+02
-3.723891495109460266e+02
-3.721218185073796008e+02
-3.718178439062886014e+02
-3.714801309056003902e+02
-3.711125242088511982e+02
-3.707199296383635101e+02
-3.703084420149392599e+02
-3.698853871362770747e+02
-3.694593304003307708e+02
-3.690399485305923690e+02
-3.686378299674288996e+02
-3.682641097783242685e+02
-3.679300290617790097e+02
-3.676463590098567238e+02
-3.674228079496255646e+02
-3.672673970034952049e+02
-3.671859286082748213e+02
-3.671815651677017627e+02
-3.672546018186557717e+02
-3.674024467386748256e+02
-3.676198125013448816e+02
-3.678991069089660755e+02
-3.682309463875068332e+02
-3.686047706553269450e+02
-3.690094404334781757e+02
-3.694338234522178368e+02
-3.698672535532843995e+02
-3.702999158892431524e+02
-3.707230677535434893e+02
-3.711291857372964387e+02
-3.715119731455951069e+02
-3.718663297661692582e+02
-3.721882331249432809e+02
-3.724746216350629311e+02
-3.727232378319442319e+02
-3.729324990797423425e+02
-3.731013632125171853e+02
-3.732292307360727364e+02
-3.733158637924868231e+02
-3.733613379224794357e+02
-3.733660238535189251e+02
-3.733305923030210920e+02
-3.732560561674251858e+02
-3.731438212022309244e+02
-3.729957769432031114e+02
-3.728143766194574482e+02
-3.726027524913856155e+02
-3.723647946897081624e+02
-3.721052504918139903e+02
-3.718297537543075464e+02
-3.715448505753831796e+02
-3.712579201031986713e+02
-3.709770667859726245e+02
-3.707108852816368199e+02
-3.704681877965396097e+02
-3.702576163017383237e+02
-3.700872433011517728e+02
-3.699641155471257434e+02
-3.698938479846518703e+02
-3.698802523976854104e+02
-3.699250864291778953e+02
-3.700279194287137443e+02
-3.701861509690228900e+02
-3.703951737311984971e+02
-3.706486542393126342e+02
-3.709389218031807900e+02
-3.712573886144368203e+02
-3.715950071618118500e+02
-3.719426677005502597e+02
-3.722915747252590677e+02
-3.726335072433127493e+02
-3.729610366777205286e+02
-3.732676196444591028e+02
-3.735476605329513973e+02
-3.737964717352591038e+02
-3.740102304935842881e+02
-3.741858670985626532e+02
-3.743209747479816656e+02
-3.744136809609590841e+02
-3.744625561434476140e+02
-3.744665062783035978e+02
-3.744247078081702966e+02
-3.743365428216601458e+02
-3.742015747617251122e+02
-3.740195368821014767e+02
-3.737903562659752197e+02
-3.735142004531408020e+02
-3.731915521110269651e+02
-3.728233133305033107e+02
-3.724109266543538865e+02
-3.719565264262680557e+02
-3.714630866000171068e+02
-3.709345877506241891e+02
-3.703761495595440465e+02
-3.697941529230753304e+02
-3.691962817735724798e+02
-3.685915152874831620e+02
-3.679899929984638334e+02
-3.674027930686398236e+02
-3.668415632245278175e+02
-3.663180643010471726e+02
-3.658436041565867072e+02
-3.654284432815342711e+02
-3.650811967369024842e+02
-3.648083134620697479e+02
-3.646136842677479990e+02
-3.644984195054609017e+02
-3.644608406156318665e+02
-3.644966515719112294e+02
-3.645993118075116968e+02
-3.647605031183268807e+02
-3.649707066325727283e+02
-3.652197485372719257e+02
-3.654973504493328846e+02
-3.657935533953447020e+02
-3.660990885778456914e+02
-3.664055917587540421e+02
-3.667057607678539171e+02
-3.669933816281059649e+02
-3.672633270649212136e+02
-3.675114701042126626e+02
-3.677346024849663308e+02
-3.679303145971391586e+02
-3.680968998019691867e+02
-3.682332539961904558e+02
-3.683388047996509158e+02
-3.684134575372802374e+02
-3.684575637629960738e+02
-3.684719189360786231e+02
-3.684577698841986830e+02
-3.684168547099238253e+02
-3.683514330011373659e+02
-3.682643474747291634e+02
-3.681590509986026518e+02
-3.680396557363953889e+02
-3.679109209835085608e+02
-3.677782483960384070e+02
-3.676475906279964079e+02
-3.675253542279170347e+02
-3.674182031467685192e+02
-3.673328557919459172e+02
-3.672757939509526750e+02
-3.672529863641792076e+02
-3.672695651070479812e+02
-3.673295575455543371e+02
-3.674356307836549149e+02
-3.675889340883596788e+02
-3.677890064559811094e+02
-3.680337979875812380e+02
-3.683197764776934378e+02
-3.686421239389527500e+02
-3.689949965118904061e+02
-3.693718195235442749e+02
-3.697656030185247573e+02
-3.701692323613702342e+02
-3.705757398166960002e+02
-3.709785131964200673e+02
-3.713714686165671424e+02
-3.717491478344654183e+02
-3.721067858087203604e+02
-3.724403138783804366e+02
-3.727463489971083277e+02
-3.730221404968753518e+02
-3.732655188575964758e+02
-3.734748237665427268e+02
-3.736488453074964013e+02
-3.737867618663267422e+02
-3.738880947107362545e+02
-3.739526725173404316e+02
-3.739806102826157712e+02
-3.739723070926323771e+02
-3.739284519379941685e+02
-3.738500542744178574e+02
-3.737384733867374962e+02
-3.735954735154776927e+02
-3.734232657135510749e+02
-3.732245727041096188e+02
-3.730026640591660225e+02
-3.727614053728614181e+02
-3.725052592466683450e+02
-3.722392875229222113e+02
-3.719690865594655520e+02
-3.717007118456466515e+02
-3.714405253353168632e+02
-3.711950286110326829e+02
-3.709706269579632476e+02
-3.707733913835373869e+02
-3.706087829400836426e+02
-3.704814047331839788e+02
-3.703947643303673658e+02
-3.703510982945973069e+02
-3.703512544841285603e+02
-3.703946558981505746e+02
-3.704793471216312355e+02
-3.706021104140380089e+02
-3.707586577409124402e+02
-3.709438531422011351e+02
-3.711519797390843678e+02
-3.713769882059821157e+02
-3.716127553668790711e+02
-3.718532855238963748e+02
-3.720929010389556879e+02
-3.723263596792162389e+02
-3.725489573661906206e+02
-3.727565628253815362e+02
-3.729456461092429436e+02
-3.731132561714766211e+02
-3.732570041670887804e+02
-3.733750169751659769e+02
-3.734659050545784567e+02
-3.735287196141687787e+02
-3.735629273639374901e+02
-3.735683896994585780e+02
-3.735453569098408479e+02
-3.734944773049517153e+02
-3.734168139757282461e+02
-3.733138826893725195e+02
-3.731876843196207005e+02
-3.730407595313901084e+02
-3.728762202572474962e+02
-3.726977978519319663e+02
-3.725098457584935545e+02
-3.723173492102719138e+02
-3.721258655025051780e+02
-3.719414584408019664e+02
-3.717705487950816519e+02
-3.716197530342574851e+02
-3.714956394281999792e+02
-3.714044839738275527e+02
-3.713519707301190351e+02
-3.713429237059637558e+02
-3.713810306963165999e+02
-3.714686404487587765e+02
-3.716066042418814277e+02
-3.717942183593846153e+02
-3.720292435286403929e+02
-3.723080206032325918e+02
-3.726256587387072159e+02
-3.729762815513899454e+02
-3.733533132584677219e+02
-3.737497670622219061e+02
-3.741585339306045626e+02
-3.745726266068069776e+02
-3.749853973650516537e+02
-3.753906883113234585e+02
-3.757829489737746371e+02
-3.761572873794153224e+02
-3.765094987314528794e+02
-3.768360433382239307e+02
-3.771340171086875444e+02
-3.774010918939628141e+02
-3.776354612313018606e+02
-3.778357745482072687e+02
-3.780010839463466823e+02
-3.781307934582363828e+02
-3.782246219194328773e+02
-3.782825790737218767e+02
-3.783049513279968323e+02
-3.782923081547429547e+02
-3.782455118975102550e+02
-3.781657509810189595e+02
-3.780545685152616784e+02
-3.779139145494343666e+02
-3.777461807309389883e+02
-3.775542554601276493e+02
-3.773415455624162860e+02
-3.771120100609843462e+02
-3.768701434020878764e+02
-3.766209588573577207e+02
-3.763699068321552659e+02
-3.761227837983043401e+02
-3.758855712259801862e+02
-3.756642651642318924e+02
-3.754646482663864049e+02
-3.752920674947368411e+02
-3.751511870410212168e+02
-3.750457745408783126e+02
-3.749785072367179168e+02
-3.749508395750324894e+02
-3.749629291409015650e+02
-3.750136352912400071e+02
-3.751005929910251666e+02
-3.752203415592657620e+02
-3.753685181373447790e+02
-3.755400672651969103e+02
-3.757294867021817026e+02
-3.759310456817794943e+02
-3.761390115166425403e+02
-3.763478172201399730e+02
-3.765522221879597282e+02
-3.767474026892898564e+02
-3.769290349115094045e+02
-3.770933140421470853e+02
-3.772369743701631251e+02
-3.773572612547821450e+02
-3.774519148095444052e+02
-3.775191230412597179e+02
-3.775574941744496300e+02
-3.775660146730264728e+02
-3.775440285985083619e+02
-3.774912144946856074e+02
-3.774075819393575557e+02
-3.772934742479935153e+02
-3.771495835294617791e+02
-3.769769772274175352e+02
-3.767771269066359991e+02
-3.765519485060074203e+02
-3.763038319658148794e+02
-3.760356772890690991e+02
-3.757509043220328522e+02
-3.754534604040292720e+02
-3.751477850009773078e+02
-3.748387623316687041e+02
-3.745316195603652432e+02
-3.742318074132374477e+02
-3.739448271004945923e+02
-3.736760445299375988e+02
-3.734304696916451007e+02
-3.732125418481363113e+02
-3.730259158184439343e+02
-3.728732804389528610e+02
-3.727562193683537544e+02
-3.726751256013592979e+02
-3.726291885233919174e+02
-3.726164327682100748e+02
-3.726338401335410708e+02
-3.726774976633797678e+02
-3.727428095910407819e+02
-3.728246983789282467e+02
-3.729178412808776102e+02
-3.730168578002051163e+02
-3.731165097841431475e+02
-3.732118284899208902e+02
-3.732982459303598830e+02
-3.733716493621757877e+02
-3.734284414659885556e+02
-3.734655366753384556e+02
-3.734803715510393545e+02
-3.734708711955666445e+02
-3.734354384533950224e+02
-3.733729202631836301e+02
-3.732826016325163323e+02
-3.731641954038214521e+02
-3.730178584652318818e+02
-3.728442181351834961e+02
-3.726444166229411508e+02
-3.724201724394910116e+02
-3.721738433473524310e+02
-3.719085053062703992e+02
-3.716280060571298236e+02
-3.713370221686155332e+02
-3.710410572852362634e+02
-3.707464234368979987e+02
-3.704601306536713992e+02
-3.701897417042948746e+02
-3.699431194014579773e+02
-3.697281400558909468e+02
-3.695523193179174086e+02
-3.694224389793175760e+02
-3.693441457628004514e+02
-3.693216130924583354e+02
-3.693572548101965936e+02
-3.694515599979088734e+02
-3.696030407431723575e+02
-3.698083137302073737e+02
-3.700623032898061524e+02
-3.703585336513308448e+02
-3.706894989347173350e+02
-3.710470431179747379e+02
-3.714227548188967489e+02
-3.718083003495431740e+02
-3.721957258714630257e+02
-3.725776615250069881e+02
-3.729474837547016364e+02
-3.732993794157156913e+02
-3.736283823452441197e+02
-3.739303354637984853e+02
-3.742018478769709873e+02
-3.744402068733456304e+02
-3.746433032377873360e+02
-3.748095369103254484e+02
-3.749377456829654989e+02
-3.750271319993736370e+02
-3.750772150364890649e+02
-3.750877919685544839e+02
-3.750589210498342823e+02
-3.749909223386804911e+02
-3.748843926944347800e+02
-3.747402437447781267e+02
-3.745597440213641676e+02
-3.743445864882257297e+02
-3.740969472287379745e+02
-3.738195658672891000e+02
-3.735158010547169738e+02
-3.731896975546408157e+02
-3.728460071159126414e+02
-3.724902056119777285e+02
-3.721284420262203412e+02
-3.717674669701943344e+02
-3.714144791191363311e+02
-3.710769430544748388e+02
-3.707623303590649471e+02
-3.704778443941393675e+02
-3.702301002651332169e+02
-3.700248234470421949e+02
-3.698665591889673578e+02
-3.697584444305861098e+02
-3.697020479725940731e+02
-3.696973018911840541e+02
-3.697425331458965729e+02
-3.698345784099270190e+02
-3.699689920542177219e+02
-3.701402954001987382e+02
-3.703422796726084130e+02
-3.705682926089625084e+02
-3.708115378969895346e+02
-3.710653110880086842e+02
-3.713232216047682073e+02
-3.715793322816437581e+02
-3.718282791393976936e+02
-3.720653147786939599e+02
-3.722863418001370519e+02
-3.724878882058571321e+02
-3.726670873353505726e+02
-3.728216220620809054e+02
-3.729496839545879538e+02
-3.730499166885057321e+02
-3.731213779650296942e+02
-3.731634980864077988e+02
-3.731760583125989683e+02
-3.731591753448986424e+02
-3.731132962918568410e+02
-3.730392075882513154e+02
-3.729380447903013760e+02
-3.728113178077453540e+02
-3.726609254649157492e+02
-3.724891841696669985e+02
-3.722988332217594802e+02
-3.720930483739326746e+02
-3.718754199407722467e+02
-3.716499323005875226e+02
-3.714208976556435005e+02
-3.711928866360327675e+02
-3.709706098192435775e+02
-3.707587963633541790e+02
-3.705620324393859732e+02
-3.703846050669811802e+02
-3.702303274239756092e+02
-3.701023839635100785e+02
-3.700031873400263294e+02
-3.699342715814628946e+02
-3.698962227869955655e+02
-3.698886538485828055e+02
-3.699102334799766254e+02
-3.699587491614976216e+02
-3.700312231680676405e+02
-3.701240414116419970e+02
-3.702331204408976646e+02
-3.703540586091888827e+02
-3.704823085581365376e+02
-3.706133095666583586e+02
-3.707426290012734853e+02
-3.708660505001951151e+02
-3.709796665325418417e+02
-3.710799178229324298e+02
-3.711636395472540357e+02
-3.712280607853107881e+02
-3.712708179896158072e+02
-3.712899323335693680e+02
-3.712838066815120897e+02
-3.712511984830524057e+02
-3.711912163343594102e+02
-3.711033043331824501e+02
-3.709872482943974319e+02
-3.708431818402805220e+02
-3.706716110508478437e+02
-3.704734477246014421e+02
-3.702500546687183487e+02
-3.700033057933856639e+02
-3.697356468578718136e+02
-3.694501720137865846e+02
-3.691506829804685594e+02
-3.688417570474740614e+02
-3.685287720126979139e+02
-3.682179243042476173e+02
-3.679161722366574168e+02
-3.676311529129965265e+02
-3.673709973301188256e+02
-3.671441078398811442e+02
-3.669588286832967015e+02
-3.668230941952670605e+02
-3.667440049449330104e+02
-3.667274296983179624e+02
-3.667776109583091966e+02
-3.668968665313477686e+02
-3.670853753788068161e+02
-3.673411145718587818e+02
-3.676599253292567369e+02
-3.680357246874691555e+02
-3.684608317732182172e+02
-3.689263720298351359e+02
-3.694227319091315849e+02
-3.699399994340328135e+02
-3.704683867266435300e+02
-3.709985663449785989e+02
-3.715219513024951539e+02
-3.720308630873532820e+02
-3.725186418313186891e+02
-3.729796611333731562e+02
-3.734093072578908732e+02
-3.738038942448509943e+02
-3.741605734119959266e+02
-3.744772107356910738e+02
-3.747522790441865936e+02
-3.749847439923595402e+02
-3.751739734593521689e+02
-3.753196582170688202e+02
-3.754217559551400427e+02
-3.754804583332254992e+02
-3.754961760954817009e+02
-3.754695551636128812e+02
-3.754015023721680109e+02
-3.752932476365734829e+02
-3.751464044372302169e+02
-3.749630678356626845e+02
-3.747458946122055181e+02
-3.744982157285927542e+02
-3.742241081405553587e+02
-3.739284826447217256e+02
-3.736171015675868148e+02
-3.732965895247008348e+02
-3.729743426155950488e+02
-3.726584065838890751e+02
-3.723572371551193783e+02
-3.720794232917385784e+02
-3.718333082000439163e+02
-3.716266012313158740e+02
-3.714659467672778987e+02
-3.713565441992927845e+02
-3.713018131960552068e+02
-3.713031729490945736e+02
-3.713599422740106775e+02
-3.714693780220628128e+02
-3.716268560602694606e+02
-3.718261515411443270e+02
-3.720598230839461280e+02
-3.723196126504719246e+02
-3.725968816732483333e+02
-3.728829785951213580e+02
-3.731695889381418283e+02
-3.734489680662538831e+02
-3.737141388814449101e+02
-3.739589673266566479e+02
-3.741782139625819354e+02
-3.743674892045349338e+02
-3.745232105892633854e+02
-3.746424943206462785e+02
-3.747230732276924527e+02
-3.747631787311079279e+02
-3.747614617407128321e+02
-3.747169018132984206e+02
-3.746287590069853763e+02
-3.744965307824510319e+02
-3.743199507300686264e+02
-3.740990070046327673e+02
-3.738339966250334783e+02
-3.735256125946254997e+02
-3.731750577228836505e+02
-3.727841992046991777e+02
-3.723557331394029575e+02
-3.718933868725256389e+02
-3.714020998688052373e+02
-3.708882191687039835e+02
-3.703596207941278067e+02
-3.698258000062158430e+02
-3.692978171249282582e+02
-3.687881537335403550e+02
-3.683103655623454529e+02
-3.678786139424465205e+02
-3.675069959922483349e+02
-3.672087982736831009e+02
-3.669956545186522590e+02
-3.668767644752155093e+02
-3.668582030352500851e+02
-3.669424588753436751e+02
-3.671282269115172312e+02
-3.674105068093114710e+02
-3.677809870014980334e+02
-3.682286530977871735e+02
-3.687405649692813654e+02
-3.693026707026159556e+02
-3.699006199568786997e+02
-3.705204467316993941e+02
-3.711491390860672936e+02
-3.717750066065695478e+02
-3.723879209735860059e+02
-3.729793766163389819e+02
-3.735424703802076465e+02
-3.740717684205929459e+02
-3.745631500832344614e+02
-3.750136037921096772e+02
-3.754210400127701632e+02
-3.757841004458931025e+02
-3.761020006281186170e+02
-3.763743926946090141e+02
-3.766012606757436743e+02
-3.767828478269251491e+02
-3.769196068036320639e+02
-3.770121877520679732e+02
-3.770614367789235075e+02
-3.770684355931401797e+02
-3.770345383058801758e+02
-3.769614503611842338e+02
-3.768512898868315801e+02
-3.767066881433633512e+02
-3.765308543793598801e+02
-3.763276704039416245e+02
-3.761017272106914220e+02
-3.758583751405208204e+02
-3.756036911053269023e+02
-3.753444402253663270e+02
-3.750879356008788932e+02
-3.748418797999208891e+02
-3.746141044317187152e+02
-3.744122975608611910e+02
-3.742436581974716887e+02
-3.741145730044489142e+02
-3.740302782661877359e+02
-3.739945915681890369e+02
-3.740096967271342692e+02
-3.740760359863087388e+02
-3.741922998726214473e+02
-3.743555246662609193e+02
-3.745612878697104406e+02
-3.748039682480370516e+02
-3.750770671583009062e+02
-3.753735288788918183e+02
-3.756860736733246995e+02
-3.760074733236901352e+02
-3.763308065486929195e+02
-3.766496289152957502e+02
-3.769581138317147975e+02
-3.772511105319115927e+02
-3.775241828023274593e+02
-3.777735840408246304e+02
-3.779962307941880226e+02
-3.781896368008348759e+02
-3.783518595193228862e+02
-3.784814288290571653e+02
-3.785772958706317581e+02
-3.786387801757736042e+02
-3.786655373436269656e+02
-3.786575365643058149e+02
-3.786150541422745164e+02
-3.785386838453983955e+02
-3.784293554430008726e+02
-3.782883735859098238e+02
-3.781174532460659066e+02
-3.779187748637613709e+02
-3.776950210259147411e+02
-3.774494272034185087e+02
-3.771857957573955105e+02
-3.769085131588844888e+02
-3.766225120167126192e+02
-3.763332234397129241e+02
-3.760464611829511341e+02
-3.757682884745020147e+02
-3.755048175612428167e+02
-3.752619980298260884e+02
-3.750453602068395753e+02
-3.748597698927823103e+02
-3.747091812413894445e+02
-3.745964338262623414e+02
-3.745230963673570272e+02
-3.744893800321370350e+02
-3.744941327376021718e+02
-3.745349019905533510e+02
-3.746080830294768020e+02
-3.747091046376223176e+02
-3.748326774040113492e+02
-3.749730305070353893e+02
-3.751241779902690610e+02
-3.752801289511720029e+02
-3.754351019061679722e+02
-3.755836589598341106e+02
-3.757208351786342178e+02
-3.758421863013313668e+02
-3.759438376131923860e+02
-3.760224653444398655e+02
-3.760752912234033261e+02
-3.761000302773831550e+02
-3.760948626989606396e+02
-3.760583795394895219e+02
-3.759895578497394126e+02
-3.758877269575496030e+02
-3.757525640549066566e+02
-3.755840931815086492e+02
-3.753827083948239078e+02
-3.751492076790047463e+02
-3.748848404125233742e+02
-3.745913672264864545e+02
-3.742711174022448404e+02
-3.739270534189249133e+02
-3.735628105316097276e+02
-3.731827307843056474e+02
-3.727918472371357552e+02
-3.723958456084337740e+02
-3.720009553757229810e+02
-3.716138050847637828e+02
-3.712412035889612980e+02
-3.708898884337397703e+02
-3.705662238015058847e+02
-3.702758948642982091e+02
-3.700236024469269864e+02
-3.698127975045812832e+02
-3.696454810018197463e+02
-3.695220790579527943e+02
-3.694414298335289573e+02
-3.694008485042838856e+02
-3.693963082464486547e+02
-3.694226618884804338e+02
-3.694739473822089053e+02
-3.695436720585624926e+02
-3.696251354586386810e+02
-3.697116749595766692e+02
-3.697969174779183277e+02
-3.698749256216571553e+02
-3.699403398215578704e+02
-3.699884168705999059e+02
-3.700150737160810195e+02
-3.700168485705626722e+02
-3.699908836406540331e+02
-3.699348537179689629e+02
-3.698469305517039061e+02
-3.697257207270352524e+02
-3.695702468418436979e+02
-3.693799258078195749e+02
-3.691545905354867045e+02
-3.688945281090877870e+02
-3.686005532233089639e+02
-3.682741099381713639e+02
-3.679173917978492909e+02
-3.675334901389711035e+02
-3.671265295488503853e+02
-3.667018139508474519e+02
-3.662659114270815053e+02
-3.658267121421267802e+02
-3.653933655510018070e+02
-3.649761462212526339e+02
-3.645861508225478360e+02
-3.642349035429753030e+02
-3.639337985235482620e+02
-3.636934909132576195e+02
-3.635232136672058232e+02
-3.634301552463811618e+02
-3.634189113527684754e+02
-3.634911261121476400e+02
-3.636453375479343890e+02
-3.638770666923949193e+02
-3.641791369447133206e+02
-3.645421664827271115e+02
-3.649552027423247864e+02
-3.654063812688004305e+02
-3.658835935891824533e+02
-3.663750433224002450e+02
-3.668697233280562386e+02
-3.673577192914640932e+02
-3.678304202720907483e+02
-3.682805703350078943e+02
-3.687022623200971907e+02
-3.690908259458252587e+02
-3.694427048669289775e+02
-3.697552827921324479e+02
-3.700267323772382042e+02
-3.702558540018399071e+02
-3.704419512427710970e+02
-3.705847220332900065e+02
-3.706841858077817164e+02
-3.707406421118928392e+02
-3.707546565010690074e+02
-3.707270878064505837e+02
-3.706591297032650232e+02
-3.705523997229478255e+02
-3.704090254820342807e+02
-3.702317770065960758e+02
-3.700241725684059020e+02
-3.697906193705545093e+02
-3.695364920263847921e+02
-3.692682212904645098e+02
-3.689932768977820956e+02
-3.687201258232352643e+02
-3.684580452596265445e+02
-3.682168859206083198e+02
-3.680066790597227282e+02
-3.678372046082803877e+02
-3.677174494785787715e+02
-3.676550914113656177e+02
-3.676559752148968414e+02
-3.677237097066243905e+02
-3.678593791454973712e+02
-3.680614448471983451e+02
-3.683258245556965562e+02
-3.686461534223779495e+02
-3.690141976048819856e+02
-3.694203547713784701e+02
-3.698542173211773161e+02
-3.703050994543971228e+02
-3.707625381761175163e+02
-3.712166703751678938e+02
-3.716585412647390854e+02
-3.720802645488221287e+02
-3.724751230968278151e+02
-3.728375445289126446e+02
-3.731630529542998715e+02
-3.734481385473134196e+02
-3.736901382809652432e+02
-3.738870746023878269e+02
-3.740375278078272459e+02
-3.741404948296161592e+02
-3.741952904450903930e+02
-3.742014541489401154e+02
-3.741586987213274824e+02
-3.740668782026706936e+02
-3.739259926113150527e+02
-3.737362246505102235e+02
-3.734980057936151638e+02
-3.732121262953514247e+02
-3.728798649901193585e+02
-3.725031691630982209e+02
-3.720848373682979400e+02
-3.716287459721473851e+02
-3.711400456022288949e+02
-3.706253735121540558e+02
-3.700929779580167747e+02
-3.695528054525262291e+02
-3.690164255646423044e+02
-3.684968546364197550e+02
-3.680081583042185684e+02
-3.675649229438679981e+02
-3.671815198967472043e+02
-3.668712969135601156e+02
-3.666456895494882247e+02
-3.665134172672018167e+02
-3.664798054250171617e+02
-3.665463654602014572e+02
-3.667106656790580814e+02
-3.669665206315046362e+02
-3.673044808535718175e+02
-3.677125290110139986e+02
-3.681769346406960608e+02
-3.686831080690089379e+02
-3.692164344099912228e+02
-3.697629371981583404e+02
-3.703098205226467030e+02
-3.708457829360206119e+02
-3.713612094514762134e+02
-3.718481724461687463e+02
-3.723003682475159053e+02
-3.727129358201862601e+02
-3.730822734093101190e+02
-3.734058031221601368e+02
-3.736817726926058185e+02
-3.739090480932380842e+02
-3.740869569432992421e+02
-3.742151459004641652e+02
-3.742934867942365145e+02
-3.743220087113503496e+02
-3.743008685784514569e+02
-3.742303564864767509e+02
-3.741109277052844391e+02
-3.739432760708858154e+02
-3.737284213360763943e+02
-3.734678424148696081e+02
-3.731636083398988717e+02
-3.728185501662595129e+02
-3.724364074213972344e+02
-3.720219981448213389e+02
-3.715813233109596467e+02
-3.711216624123927659e+02
-3.706515543281221881e+02
-3.701807261696262685e+02
-3.697198656587360119e+02
-3.692803134404364869e+02
-3.688735965996498294e+02
-3.685109021681668082e+02
-3.682024584086528307e+02
-3.679569388992487120e+02
-3.677809026284822380e+02
-3.676783693250287115e+02
-3.676505605041530202e+02
-3.676958438711908457e+02
-3.678098968913615749e+02
-3.679860415036483232e+02
-3.682157465899059616e+02
-3.684891839888536538e+02
-3.687958425067484995e+02
-3.691250649738291827e+02
-3.694665503882117150e+02
-3.698107025989485805e+02
-3.701489101910944441e+02
-3.704736661392984161e+02
-3.707786374405044967e+02
-3.710586131581139853e+02
-3.713094399390890885e+02
-3.715278872999341502e+02
-3.717115336233374592e+02
-3.718586246286419623e+02
-3.719679686795841462e+02
-3.720388356071749740e+02
-3.720708939520429794e+02
-3.720641703437964338e+02
-3.720190400756584950e+02
-3.719362511342922630e+02
-3.718169657973966764e+02
-3.716628400269835879e+02
-3.714761005306536958e+02
-3.712596561904418877e+02
-3.710171793827430520e+02
-3.707532067779362706e+02
-3.704731741479993730e+02
-3.701834451504130357e+02
-3.698912355680406563e+02
-3.696045048801465214e+02
-3.693317190778873282e+02
-3.690815696805879611e+02
-3.688625768784456795e+02
-3.686826784549990066e+02
-3.685487598752065423e+02
-3.684662427646584888e+02
-3.684387115130532493e+02
-3.684676663996507955e+02
-3.685524052848602423e+02
-3.686900612348854906e+02
-3.688757937667226656e+02
-3.691030936906975057e+02
-3.693641985246371746e+02
-3.696505275063763065e+02
-3.699531498510372671e+02
-3.702631793020818236e+02
-3.705721421730593192e+02
-3.708722193553745115e+02
-3.711564438966857438e+02
-3.714187693434932953e+02
-3.716541102544687192e+02
-3.718582823417869463e+02
-3.720279441579284025e+02
-3.721604764392072866e+02
-3.722538882126794419e+02
-3.723066947104562132e+02
-3.723178356445997110e+02
-3.722865917817788386e+02
-3.722125449685993317e+02
-3.720955569071058449e+02
-3.719357876583218854e+02
-3.717337490712817498e+02
-3.714903889677196389e+02
-3.712072214536545971e+02
-3.708864715712723523e+02
-3.705312669798476577e+02
-3.701458141321062953e+02
-3.697356037544181504e+02
-3.693075497519413375e+02
-3.688701150765213583e+02
-3.684333008325175456e+02
-3.680085632533061926e+02
-3.676085274064037662e+02
-3.672465878594778133e+02
-3.669362920068890048e+02
-3.666906382702652536e+02
-3.665212466202243036e+02
-3.664375693794584663e+02
-3.664461548482140643e+02
-3.665501235976768157e+02
-3.667488781004223029e+02
-3.670381229641423033e+02
-3.674101760215776835e+02
-3.678545273626438075e+02
-3.683585909247054246e+02
-3.689085200524490915e+02
-3.694900408207749933e+02
-3.700891682676837036e+02
-3.706928169775278548e+02
-3.712892039082401539e+02
-3.718681210633126284e+02
-3.724210132485584950e+02
-3.729409706212971969e+02
-3.734225916965319243e+02
-3.738618235627844797e+02
-3.742557403769363304e+02
-3.746023446674113870e+02
-3.749003546044906443e+02
-3.751490353583847082e+02
-3.753480420756569060e+02
-3.754973080867848694e+02
-3.755969609364451003e+02
-3.756472737386993686e+02
-3.756486538835480360e+02
-3.756016539499317446e+02
-3.755070289924140070e+02
-3.753658041510670387e+02
-3.751793905475298061e+02
-3.749496983722672780e+02
-3.746792966096716100e+02
-3.743715471015092930e+02
-3.740307726124248688e+02
-3.736623647119745897e+02
-3.732728970168718661e+02
-3.728701333300758165e+02
-3.724630010621744987e+02
-3.720614169166128136e+02
-3.716760458854057561e+02
-3.713179005309798981e+02
-3.709978815899315805e+02
-3.707262048981505131e+02
-3.705118383259207917e+02
-3.703619359636592208e+02
-3.702813856588426802e+02
-3.702724842806436527e+02
-3.703348024855569633e+02
-3.704652503999104169e+02
-3.706583256353981142e+02
-3.709065288129122564e+02
-3.712008697472782615e+02
-3.715314452180138574e+02
-3.718879746107007804e+02
-3.722603156668824340e+02
-3.726388496786691462e+02
-3.730148006504446698e+02
-3.733804031614961332e+02
-3.737290115924380984e+02
-3.740550868870359409e+02
-3.743541588275967911e+02
-3.746227136662674866e+02
-3.748580902691429060e+02
-3.750583457406872299e+02
-3.752221486993711892e+02
-3.753486732137272952e+02
-3.754375263149057105e+02
-3.754886953260547102e+02
-3.755025232991762323e+02
-3.754797166140277795e+02
-3.754213680729826592e+02
-3.753290178347619985e+02
-3.752047121890466883e+02
-3.750510990093831651e+02
-3.748714966775993389e+02
-3.746699893901598557e+02
-3.744514649963600164e+02
-3.742216598692846219e+02
-3.739871109121791619e+02
-3.737550929285332586e+02
-3.735334369597698583e+02
-3.733303198775857368e+02
-3.731539371285593916e+02
-3.730121615121011018e+02
-3.729121269234184410e+02
-3.728598476861737936e+02
-3.728598408167921434e+02
-3.729148489433324585e+02
-3.730256471526800510e+02
-3.731909917819464795e+02
-3.734076940686550756e+02
-3.736708201446444946e+02
-3.739739984398821662e+02
-3.743097842309253451e+02
-3.746700714663469398e+02
-3.750464778227227498e+02
-3.754307167019890130e+02
-3.758148819607071118e+02
-3.761916898870537125e+02
-3.765546144887973128e+02
-3.768979834749752627e+02
-3.772169825507394307e+02
-3.775076419128123462e+02
-3.777667613250438876e+02
-3.779918406807954057e+02
-3.781809798028382374e+02
-3.783327988606069425e+02
-3.784463523354203858e+02
-3.785210693469239231e+02
-3.785567040807243870e+02
-3.785533108471644823e+02
-3.785112410358231045e+02
-3.784311572552601319e+02
-3.783140767666386637e+02
-3.781614206514968828e+02
-3.779750950931154989e+02
-3.777575617605800176e+02
-3.775119359443879716e+02
-3.772420513401571611e+02
-3.769525381979159988e+02
-3.766488394109296678e+02
-3.763372192211038509e+02
-3.760246792324749094e+02
-3.757188456174141038e+02
-3.754277466131537722e+02
-3.751595553027428309e+02
-3.749222368006844022e+02
-3.747231843979711243e+02
-3.745688129924506597e+02
-3.744641972991620378e+02
-3.744127478223193179e+02
-3.744159911876499223e+02
-3.744734599088038749e+02
-3.745827120521416873e+02
-3.747394845053591439e+02
-3.749379440370062753e+02
-3.751710396185737295e+02
-3.754308770359615437e+02
-3.757091320303871385e+02
-3.759974064338241533e+02
-3.762875711438990152e+02
-3.765720012323083097e+02
-3.768437791826209491e+02
-3.770967813094197254e+02
-3.773257418374823828e+02
-3.775262200609391812e+02
-3.776945686933373736e+02
-3.778278366377210773e+02
-3.779236936243022456e+02
-3.779803199115183929e+02
-3.779963309125229216e+02
-3.779706888634171378e+02
-3.779026547414952688e+02
-3.777917445779320360e+02
-3.776377235882906689e+02
-3.774406179440175038e+02
-3.772007585375166627e+02
-3.769188519330922418e+02
-3.765960728965720818e+02
-3.762341888500908453e+02
-3.758356872250489005e+02
-3.754039303568092123e+02
-3.749432840323402161e+02
-3.744592513317199405e+02
-3.739585384832494128e+02
-3.734490894703641288e+02
-3.729400035420991912e+02
-3.724413822454004617e+02
-3.719640263565643181e+02
-3.715190486936190268e+02
-3.711173540169523335e+02
-3.707690756967504626e+02
-3.704829669375016010e+02
-3.702658467973807319e+02
-3.701221341948128156e+02
-3.700535399681976969e+02
-3.700589564102358509e+02
-3.701345432959077471e+02
-3.702740270290151443e+02
-3.704691316080438241e+02
-3.707101459643667454e+02
-3.709864929082988283e+02
-3.712873246643272296e+02
-3.716020033824885900e+02
-3.719205334800441847e+02
-3.722338257314431189e+02
-3.725339005568961284e+02
-3.728139346679402024e+02
-3.730682736708440643e+02
-3.732923345114277822e+02
-3.734825128832646897e+02
-3.736360289284688747e+02
-3.737508063694849056e+02
-3.738253293032956321e+02
-3.738585445804609435e+02
-3.738497681644512909e+02
-3.737986373842155103e+02
-3.737050855647439676e+02
-3.735693553260284148e+02
-3.733920472074002532e+02
-3.731741949973023225e+02
-3.729173838230959745e+02
-3.726238766436140395e+02
-3.722967828976559304e+02
-3.719402043800511706e+02
-3.715594052135562038e+02
-3.711609138758865356e+02
-3.707526114377228623e+02
-3.703436925123943411e+02
-3.699445650195746680e+02
-3.695665718429166304e+02
-3.692216225324342531e+02
-3.689216447606602856e+02
-3.686779758273142988e+02
-3.685006564046616973e+02
-3.683977699738524052e+02
-3.683748370099519320e+02
-3.684343910305493068e+02
-3.685757545035114049e+02
-3.687950690982063406e+02
-3.690855707839680235e+02
-3.694380635912983735e+02
-3.698415581771486131e+02
-3.702839570671169440e+02
-3.707527670520614151e+02
-3.712357060445592651e+02
-3.717212351225145426e+02
-3.721989077474179908e+02
-3.726596201513409596e+02
-3.730956840409120332e+02
-3.735008368631165467e+02
-3.738701267842981224e+02
-3.741997848928319854e+02
-3.744870328196714695e+02
-3.747299160450104978e+02
-3.749271178984782864e+02
-3.750778173547930692e+02
-3.751815563956322421e+02
-3.752381536695166915e+02
-3.752476452264548357e+02
-3.752102642411310853e+02
-3.751264604487196834e+02
-3.749969469391054986e+02
-3.748227948016543110e+02
-3.746055399931568672e+02
-3.743473397093987955e+02
-3.740511173484605365e+02
-3.737207472567221203e+02
-3.733611905559032493e+02
-3.729786424448647608e+02
-3.725805791921989680e+02
-3.721757714237172650e+02
-3.717741431558413865e+02
-3.713865552760115634e+02
-3.710244073479759663e+02
-3.706991614839099043e+02
-3.704217238068563347e+02
-3.702018142885204384e+02
-3.700473124020201681e+02
-3.699637135443627471e+02
-3.699537144369694488e+02
-3.700170115298612359e+02
-3.701503267258995038e+02
-3.703476515760705183e+02
-3.706006999540611559e+02
-3.708994710700757764e+02
-3.712329111341670114e+02
-3.715895305522748799e+02
-3.719580057786368457e+02
-3.723276253372443989e+02
-3.726886604306099002e+02
-3.730325520730909830e+02
-3.733520310410547722e+02
-3.736410847334648224e+02
-3.738949005642208476e+02
-3.741097104286820922e+02
-3.742826540727668316e+02
-3.744115927288592616e+02
-3.744949675081895180e+02
-3.745316430892748372e+02
-3.745208051198824819e+02
-3.744618656313233487e+02
-3.743544207566439468e+02
-3.741982338803618404e+02
-3.739932648449400290e+02
-3.737397405546842606e+02
-3.734382629684935750e+02
-3.730899718130521592e+02
-3.726967318806179037e+02
-3.722613785292047623e+02
-3.717879586921966393e+02
-3.712820135625352691e+02
-3.707508001969034126e+02
-3.702035022569888270e+02
-3.696512915024986796e+02
-3.691072948682370907e+02
-3.685863144591673972e+02
-3.681043797680740681e+02
-3.676780122494756711e+02
-3.673233385746505633e+02
-3.670550138291670237e+02
-3.668851549860327736e+02
-3.668223324115118089e+02
-3.668708206612401455e+02
-3.670301730721300828e+02
-3.672952143534087668e+02
-3.676564485864330436e+02
-3.681008089081607864e+02
-3.686126759095283774e+02
-3.691749732007154989e+02
-3.697702788046755131e+02
-3.703817537140611762e+02
-3.709939129185396496e+02
-3.715930993463878735e+02
-3.721677786127936542e+02
-3.727085702215088645e+02
-3.732081748406264410e+02
-3.736611363710198361e+02
-3.740635923452965130e+02
-3.744129511970385238e+02
-3.747076163189164504e+02
-3.749466961506930147e+02
-3.751297830871083079e+02
-3.752567477087139309e+02
-3.753275998473359891e+02
-3.753423796124611727e+02
-3.753011035252422403e+02
-3.752037521553407373e+02
-3.750503014793335410e+02
-3.748408086292053554e+02
-3.745755325899650074e+02
-3.742551236418224789e+02
-3.738808362708210780e+02
-3.734548191892256455e+02
-3.729804038930566890e+02
-3.724624553797265207e+02
-3.719076667708575883e+02
-3.713248604102444688e+02
-3.707251365884559959e+02
-3.701219297933434405e+02
-3.695307934078257404e+02
-3.689689911676360907e+02
-3.684547490613966261e+02
-3.680063050268649363e+02
-3.676407077100058700e+02
-3.673725806593710672e+02
-3.672129145492754105e+02
-3.671681200956462590e+02
-3.672394375345459707e+02
-3.674228205001728611e+02
-3.677093122745773712e+02
-3.680858314834304110e+02
-3.685362936674093248e+02
-3.690428392985032815e+02
-3.695870959916755965e+02
-3.701512367932104439e+02
-3.707188616310747875e+02
-3.712755363060656464e+02
-3.718091255364910808e+02
-3.723098234611712769e+02
-3.727700663606778448e+02
-3.731842608100033658e+02
-3.735485005235897802e+02
-3.738602046597849267e+02
-3.741178133111120587e+02
-3.743204714058400668e+02
-3.744677921994603480e+02
-3.745596434515410351e+02
-3.745960091750810079e+02
-3.745768911204222036e+02
-3.745022729158483230e+02
-3.743721373881799650e+02
-3.741865339540327113e+02
-3.739457155084989495e+02
-3.736503134139023814e+02
-3.733015961445654511e+02
-3.729017483904390247e+02
-3.724542329531034284e+02
-3.719641300072491958e+02
-3.714385240880807260e+02
-3.708867828351661728e+02
-3.703207918456818106e+02
-3.697549542144158750e+02
-3.692060227411894857e+02
-3.686925708185507915e+02
-3.682342211992349235e+02
-3.678505116920406977e+02
-3.675596114113487829e+02
-3.673768928326020387e+02
-3.673136458671633591e+02
-3.673760295227525035e+02
-3.675644893500813168e+02
-3.678736924185029125e+02
-3.682930102470097040e+02
-3.688074757141869782e+02
-3.693990361565951730e+02
-3.700479706072857766e+02
-3.707342203004178032e+02
-3.714385761468412284e+02
-3.721435331614966344e+02
-3.728338878590813010e+02
-3.734969808627538441e+02
-3.741227464652410504e+02
-3.747035202263247697e+02
-3.752337788863030710e+02
-3.757097676081720010e+02
-3.761291558130495787e+02
-3.764906684443671452e+02
-3.767937889604549468e+02
-3.770384805169596802e+02
-3.772249835493427668e+02
-3.773536472064635063e+02
-3.774248238377990674e+02
-3.774388048111310923e+02
-3.773958029745293175e+02
-3.772959848420024400e+02
-3.771395362388858530e+02
-3.769267899772383430e+02
-3.766583769385400728e+02
-3.763354514515569917e+02
-3.759599261309639360e+02
-3.755347829304145648e+02
-3.750643633607562606e+02
-3.745547083994008517e+02
-3.740138157366931182e+02
-3.734518811878877500e+02
-3.728813539013596028e+02
-3.723168771671709578e+02
-3.717749363214131790e+02
-3.712733123923551375e+02
-3.708302127035186686e+02
-3.704632419943833384e+02
-3.701881872219219645e+02
-3.700178464525240543e+02
-3.699609658746751961e+02
-3.700215007019455697e+02
-3.701982664644678493e+02
-3.704850559579562628e+02
-3.708712044039814941e+02
-3.713424927698029023e+02
-3.718822968418036794e+02
-3.724727705385512877e+02
-3.730959967135125339e+02
-3.737349108024938005e+02
-3.743740324743305337e+02
-3.749998826184466907e+02
-3.756012122001740181e+02
-3.761689763847768972e+02
-3.766962116548369295e+02
-3.771777686775129723e+02
-3.776100421134422618e+02
-3.779906465689849142e+02
-3.783181435685418137e+02
-3.785917684606927196e+02
-3.788112237389679535e+02
-3.789764971046063238e+02
-3.790877396427940198e+02
-3.791451795145221695e+02
-3.791490813430482376e+02
-3.790997483975451701e+02
-3.789975563184206635e+02
-3.788430374531706661e+02
-3.786369835154853831e+02
-3.783806057532291902e+02
-3.780756976126043014e+02
-3.777248541123066730e+02
-3.773316674675584181e+02
-3.769009613687847491e+02
-3.764389561492229745e+02
-3.759534299076569823e+02
-3.754537453617124925e+02
-3.749508104659321361e+02
-3.744568406252225259e+02
-3.739850054864245408e+02
-3.735488580119331345e+02
-3.731616645614213326e+02
-3.728355975107054974e+02
-3.725809398069541203e+02
-3.724053304923760948e+02
-3.723131885752425774e+02
-3.723053668680968826e+02
-3.723790909999975725e+02
-3.725282059204901088e+02
-3.727436597160239558e+02
-3.730142126890992245e+02
-3.733272080937421151e+02
-3.736694010941181432e+02
-3.740276613394555625e+02
-3.743896042649091669e+02
-3.747439965204650889e+02
-3.750810565878952048e+02
-3.753925339269928827e+02
-3.756717238800454197e+02
-3.759133233161398948e+02
-3.761132837775852522e+02
-3.762685760629980223e+02
-3.763769981565832836e+02
-3.764369477427130164e+02
-3.764472598317764209e+02
-3.764070428318922836e+02
-3.763155830270764000e+02
-3.761722704619997444e+02
