1.000000 0.000000 0.000000
0.000000 1.000000 0.000000
0.000000 0.000000 1.000000
2.000000 0.000000 0.000000
0.000000 2.000000 0.000000
0.000000 0.000000 2.000000
2.041113 1.995091 1.000030 Pt
2.043901 0.507928 1.499329 Pt
0.484885 2.028784 1.475679 Pt
2.031805 1.988849 2.027900 W
2.013485 0.516903 0.497647 Pt
1.968413 1.027193 1.006838 Pt
2.004054 1.510545 1.511472 Pt
0.531325 1.990998 0.534171 Pt
0.468967 0.461304 0.997501 Pt
0.490225 0.977381 1.458540 Pt
0.996020 1.979219 0.955242 Pt
1.011638 0.457217 1.497294 Pt
1.528894 2.028177 1.529497 W
2.000255 1.002109 2.001950 Pt
2.037489 1.475395 0.493956 W
0.465858 0.515854 2.010952 W
0.516352 1.018185 0.501601 W
0.507515 1.494860 1.015982 Pt
1.018020 2.045547 1.999687 Pt
1.006037 0.518632 0.519017 Pt
0.979763 1.001429 1.039082 Pt
1.031758 1.490028 1.497249 Pt
1.484481 2.000987 0.516983 Pt
1.487631 0.529793 0.985554 Pt
1.515776 1.044052 1.498504 Pt
0.525380 1.520008 2.015630 Pt
0.962831 0.988655 1.978048 W
0.984038 1.524764 0.497039 W
1.530707 0.467638 2.002734 W
1.502752 1.009551 0.454711 Pt
1.491680 1.508444 1.016920 Pt
1.539542 1.526470 2.000349 Pt
