-2.409718538839842381e+02
-2.409787370991563478e+02
-2.409985576128497655e+02
-2.410300237276094606e+02
-2.410714939686806986e+02
-2.411210385248256785e+02
-2.411765206177232130e+02
-2.412356647609959168e+02
-2.412961391418934056e+02
-2.413556139562066392e+02
-2.414118297724313607e+02
-2.414626360242537260e+02
-2.415060383099167609e+02
-2.415402153399587917e+02
-2.415635459371826812e+02
-2.415746091267696443e+02
-2.415721962720006672e+02
-2.415553022269329233e+02
-2.415231300015509817e+02
-2.414750805547361381e+02
-2.414107565647676665e+02
-2.413299571676802771e+02
-2.412326849441639354e+02
-2.411191487290722364e+02
-2.409897752869083547e+02
-2.408452199266080243e+02
-2.406863806883804955e+02
-2.405144128064247298e+02
-2.403307397257569562e+02
-2.401370631561361790e+02
-2.399353619305562404e+02
-2.397278868613588827e+02
-2.395171365467980138e+02
-2.393058254806895206e+02
-2.390968285356872514e+02
-2.388931157710086381e+02
-2.386976644803265231e+02
-2.385133641314554040e+02
-2.383429076726318669e+02
-2.381886834564835453e+02
-2.380526702976174818e+02
-2.379363440634492406e+02
-2.378406069604665731e+02
-2.377657366810814494e+02
-2.377113741526987383e+02
-2.376765305190181152e+02
-2.376596394521872639e+02
-2.376586177625891878e+02
-2.376709663828639520e+02
-2.376938618359339728e+02
-2.377242774412623305e+02
-2.377590758753019600e+02
-2.377951213969346895e+02
-2.378293496198668322e+02
-2.378588514723885794e+02
-2.378809093765599982e+02
-2.378930470784047770e+02
-2.378930343144956794e+02
-2.378789085189251011e+02
-2.378489577148669980e+02
-2.378017240456619845e+02
-2.377359782237053594e+02
-2.376507172373202366e+02
-2.375451407872567700e+02
-2.374186526132137658e+02
-2.372708481033373857e+02
-2.371015254769446301e+02
-2.369106897155782008e+02
-2.366985768892552358e+02
-2.364656758811595694e+02
-2.362127649830650000e+02
-2.359409481884364652e+02
-2.356516980624288067e+02
-2.353468969697732405e+02
-2.350288729719940193e+02
-2.347004286267938085e+02
-2.343648495320263976e+02
-2.340258962414911537e+02
-2.336877615637247061e+02
-2.333550016395307978e+02
-2.330324239364387893e+02
-2.327249466389523889e+02
-2.324374203360767410e+02
-2.321744323877572640e+02
-2.319400982231335604e+02
-2.317378599475408123e+02
-2.315703105143310552e+02
-2.314390542056884783e+02
-2.313446295330674047e+02
-2.312864837103263369e+02
-2.312630270039367133e+02
-2.312717286025006160e+02
-2.313092827518105992e+02
-2.313717826690715640e+02
-2.314549381996018553e+02
-2.315542628074336733e+02
-2.316652736100367065e+02
-2.317836346019365976e+02
-2.319052963305245783e+02
-2.320265708463973340e+02
-2.321442008412383871e+02
-2.322553731310190415e+02
-2.323577326560670997e+02
-2.324493583891250239e+02
-2.325287472816156367e+02
-2.325947784347461607e+02
-2.326466890663185154e+02
-2.326840457365417194e+02
-2.327067255557665248e+02
-2.327149027229648368e+02
-2.327090386620657796e+02
-2.326898825855007260e+02
-2.326584658651143229e+02
-2.326161084401238952e+02
-2.325644075138596349e+02
-2.325052367604723429e+02
-2.324407174258868451e+02
-2.323731972903803751e+02
-2.323051950810777555e+02
-2.322393516727877341e+02
-2.321783460201343701e+02
-2.321248211001596928e+02
-2.320812820476146783e+02
-2.320500113369619726e+02
-2.320329709651379346e+02
-2.320317306561566113e+02
-2.320473995960455227e+02
-2.320805911813365014e+02
-2.321314036395295943e+02
-2.321994330474326489e+02
-2.322838069102890017e+02
-2.323832408245429804e+02
-2.324961116204473797e+02
-2.326205390810711151e+02
-2.327544754376732783e+02
-2.328957889931137402e+02
-2.330423470176814931e+02
-2.331920833035278520e+02
-2.333430596377095299e+02
-2.334935095924638802e+02
-2.336418743724266278e+02
-2.337868244425621356e+02
-2.339272732684545986e+02
-2.340623838892986726e+02
-2.341915676500456414e+02
-2.343144831049031040e+02
-2.344310261961544768e+02
-2.345413272875340169e+02
-2.346457355946711232e+02
-2.347448159906878686e+02
-2.348393284118925521e+02
-2.349302223201466688e+02
-2.350186080779078850e+02
-2.351057453232909040e+02
-2.351930029644352942e+02
-2.352818375358478420e+02
-2.353737400593458347e+02
-2.354702030772184571e+02
-2.355726565956169338e+02
-2.356824271960644239e+02
-2.358006706636172680e+02
-2.359283319566203545e+02
-2.360660862126527775e+02
-2.362143111655344399e+02
-2.363730492537499117e+02
-2.365420027226988111e+02
-2.367205253855449314e+02
-2.369076448890490951e+02
-2.371020848874788953e+02
-2.373023104984802103e+02
-2.375065732668723228e+02
-2.377129698104699571e+02
-2.379194966337417441e+02
-2.381241086286205189e+02
-2.383247710251397962e+02
-2.385195073507070731e+02
-2.387064388687944643e+02
-2.388838161184634430e+02
-2.390500434988945244e+02
-2.392036940022240117e+02
-2.393435197246632526e+02
-2.394684543753486707e+02
-2.395776139721252207e+02
-2.396702928636423451e+02
-2.397459596327758788e+02
-2.398042522044626708e+02
-2.398449734333128447e+02
-2.398680894719331320e+02
-2.398737278095222223e+02
-2.398621810227579942e+02
-2.398339082276387444e+02
-2.397895441499603351e+02
-2.397299026043731942e+02
-2.396559884159038631e+02
-2.395689995297518351e+02
-2.394703368576213904e+02
-2.393615996264411194e+02
-2.392445867681831828e+02
-2.391212785942877304e+02
-2.389938227611012280e+02
-2.388644971910917150e+02
-2.387356752261383690e+02
-2.386097679174128814e+02
-2.384891685795126079e+02
-2.383761790782767775e+02
-2.382729414241042036e+02
-2.381813604432877867e+02
-2.381030369248040586e+02
-2.380392045001968597e+02
-2.379906817485443469e+02
-2.379578404520884476e+02
-2.379405909257546057e+02
-2.379383913932756798e+02
-2.379502696412724845e+02
-2.379748718295635967e+02
-2.380105138303888737e+02
-2.380552553836998868e+02
-2.381069654927556201e+02
-2.381634039730259076e+02
-2.382222837568974114e+02
-2.382813435652672069e+02
-2.383383944862570445e+02
-2.383913745990745383e+02
-2.384383750327857570e+02
-2.384776742444799709e+02
-2.385077462236761221e+02
-2.385272781171871941e+02
-2.385351670127706711e+02
-2.385305273543852707e+02
-2.385126838543736199e+02
-2.384811751169628167e+02
-2.384357489358582143e+02
-2.383763668646884639e+02
-2.383032054154059551e+02
-2.382166633961215041e+02
-2.381173697462803887e+02
-2.380061920199417216e+02
-2.378842473783456626e+02
-2.377529078430057723e+02
-2.376138077875459658e+02
-2.374688379463920853e+02
-2.373201397688794430e+02
-2.371700793836715491e+02
-2.370212197668921590e+02
-2.368762670342393335e+02
-2.367380144577820715e+02
-2.366092607762188038e+02
-2.364927290925063517e+02
-2.363909668130503405e+02
-2.363062535002269158e+02
-2.362405030172486988e+02
-2.361951833078795744e+02
-2.361712467778431801e+02
-2.361690859869875396e+02
-2.361885132369473013e+02
-2.362287665632003950e+02
-2.362885454799214813e+02
-2.363660648388961647e+02
-2.364591354223297799e+02
-2.365652481927253632e+02
-2.366816764217010700e+02
-2.368055653182358640e+02
-2.369340302929236941e+02
-2.370642307430272240e+02
-2.371934462891117050e+02
-2.373191233792692287e+02
-2.374389228402311858e+02
-2.375507387120458986e+02
-2.376527198426297218e+02
-2.377432682368325345e+02
-2.378210427043031530e+02
-2.378849465624497554e+02
-2.379341224110016810e+02
-2.379679384903715231e+02
-2.379859819825671821e+02
-2.379880504813188224e+02
-2.379741486230942655e+02
-2.379444872470209873e+02
-2.378994848484842350e+02
-2.378397745512204438e+02
-2.377662081095350572e+02
-2.376798670581391946e+02
-2.375820647834696899e+02
-2.374743550487362427e+02
-2.373585248636834990e+02
-2.372365918949988952e+02
-2.371107797412923617e+02
-2.369834955715282376e+02
-2.368572813245990005e+02
-2.367347662010451756e+02
-2.366185929029657018e+02
-2.365113470540508729e+02
-2.364154663960829907e+02
-2.363331589031423050e+02
-2.362663127764770650e+02
-2.362164227612935861e+02
-2.361845236784670590e+02
-2.361711466523122169e+02
-2.361762951669382176e+02
-2.361994452687734452e+02
-2.362395722199815111e+02
-2.362951939983784087e+02
-2.363644405643842390e+02
-2.364451268078050816e+02
-2.365348446981051893e+02
-2.366310441356917522e+02
-2.367311251352811610e+02
-2.368325070794692806e+02
-2.369327035799032046e+02
-2.370293682179577957e+02
-2.371203446112010624e+02
-2.372036873974977027e+02
-2.372776880103808423e+02
-2.373408769285422579e+02
-2.373920324419862879e+02
-2.374301729176055176e+02
-2.374545568517197012e+02
-2.374646741667951915e+02
-2.374602450062365619e+02
-2.374412163747616376e+02
-2.374077639980922640e+02
-2.373602973091611261e+02
-2.372994649679991142e+02
-2.372261668783094422e+02
-2.371415602011237524e+02
-2.370470724082138361e+02
-2.369444003108099537e+02
-2.368355145588603534e+02
-2.367226408919448772e+02
-2.366082440626370840e+02
-2.364949806010594102e+02
-2.363856518489540406e+02
-2.362831225178989030e+02
-2.361902405178489630e+02
-2.361097268917787062e+02
-2.360440731671438641e+02
-2.359954226977960730e+02
-2.359654704700419643e+02
-2.359553670826426810e+02
-2.359656525243375427e+02
-2.359962134613134594e+02
-2.360462751388900529e+02
-2.361144282533993248e+02
-2.361986831643782807e+02
-2.362965589590621676e+02
-2.364051818013034563e+02
-2.365214086939052152e+02
-2.366419379901325613e+02
-2.367634334767901692e+02
-2.368826163829402560e+02
-2.369963629078856115e+02
-2.371017595943559684e+02
-2.371961625194643375e+02
-2.372772136454322833e+02
-2.373428644276424677e+02
-2.373913633644827996e+02
-2.374212555147248054e+02
-2.374313561700102468e+02
-2.374207411992632331e+02
-2.373887223200921426e+02
-2.373348411862137937e+02
-2.372588589071329466e+02
-2.371607637317684976e+02
-2.370407829937753945e+02
-2.368994092734015737e+02
-2.367374376706807197e+02
-2.365560090799727675e+02
-2.363566667868425952e+02
-2.361414060899399487e+02
-2.359127329919338933e+02
-2.356736970513894107e+02
-2.354279218661797017e+02
-2.351795865649690143e+02
-2.349333891637788270e+02
-2.346944414987179357e+02
-2.344681354302003626e+02
-2.342599365204809203e+02
-2.340751562709260725e+02
-2.339186758226268239e+02
-2.337946799892031891e+02
-2.337063943139847595e+02
-2.336558772472723149e+02
-2.336438747842749990e+02
-2.336697615549745137e+02
-2.337315789065982869e+02
-2.338261529479713374e+02
-2.339493012890676482e+02
-2.340960737445642508e+02
-2.342610415111825262e+02
-2.344385595056283478e+02
-2.346230338395086790e+02
-2.348091173891804146e+02
-2.349918870095721104e+02
-2.351669346456071708e+02
-2.353304403661530273e+02
-2.354791707322789591e+02
-2.356104736536184419e+02
-2.357222223603936868e+02
-2.358127716596867458e+02
-2.358808881965239834e+02
-2.359257028212051921e+02
-2.359466573228554580e+02
-2.359434758820492561e+02
-2.359161460631012801e+02
-2.358649206824025555e+02
-2.357903392281614288e+02
-2.356932622082123885e+02
-2.355749313939188880e+02
-2.354370280833816764e+02
-2.352817579805083597e+02
-2.351119133751702748e+02
-2.349309536231817219e+02
-2.347430355954949164e+02
-2.345530450570526568e+02
-2.343665471274359220e+02
-2.341897175129967934e+02
-2.340291697473152794e+02
-2.338917545458442930e+02
-2.337842573795940098e+02
-2.337130872776477020e+02
-2.336839054298724250e+02
-2.337012958979780706e+02
-2.337684486887841331e+02
-2.338869467985402082e+02
-2.340566340749755341e+02
-2.342756201313372344e+02
-2.345403915140064726e+02
-2.348460361525966391e+02
-2.351865440132695539e+02
-2.355551524832298185e+02
-2.359447078812277994e+02
-2.363479967158373825e+02
-2.367580431493470314e+02
-2.371683315631133837e+02
-2.375729760070486805e+02
-2.379668086758024970e+02
-2.383454249752591636e+02
-2.387051666889536818e+02
-2.390430834338218062e+02
-2.393568590887679193e+02
-2.396447362041235749e+02
-2.399054282229065791e+02
-2.401380410698626804e+02
-2.403419980465323249e+02
-2.405169774173042185e+02
-2.406628627657264303e+02
-2.407797032833743174e+02
-2.408676929483081608e+02
-2.409271545049398355e+02
-2.409585458278220926e+02
-2.409624651746210873e+02
-2.409396806825409385e+02
-2.408911522167157955e+02
-2.408180780245320989e+02
-2.407219252563464522e+02
-2.406044834240070713e+02
-2.404678914942032293e+02
-2.403146823268711216e+02
-2.401477886214932482e+02
-2.399705573894124484e+02
-2.397867140617613586e+02
-2.396003255564901053e+02
-2.394157060081134318e+02
-2.392373166376877975e+02
-2.390696125207863076e+02
-2.389168889287891488e+02
-2.387830949691001763e+02
-2.386716624521107235e+02
-2.385853364443517819e+02
-2.385260434935793512e+02
-2.384947947497507243e+02
-2.384916416662863980e+02
-2.385156881391509387e+02
-2.385651498310988075e+02
-2.386374698007853112e+02
-2.387294561143244778e+02
-2.388374580953958741e+02
-2.389575297581235418e+02
-2.390856101338668225e+02
-2.392176619975704170e+02
-2.393498115486711697e+02
-2.394784331823685761e+02
-2.396002312928573588e+02
-2.397122675214913556e+02
-2.398119906972895024e+02
-2.398972224382833360e+02
-2.399661526590685980e+02
-2.400173055753509175e+02
-2.400495209169956183e+02
-2.400619191497167151e+02
-2.400538843961188320e+02
-2.400250422214883770e+02
-2.399752536888994996e+02
-2.399046123876497063e+02
-2.398134535775560039e+02
-2.397023713871681423e+02
-2.395722408740786022e+02
-2.394242506084096931e+02
-2.392599296493969518e+02
-2.390811838017456523e+02
-2.388903132851444298e+02
-2.386900340159078269e+02
-2.384834658401018714e+02
-2.382741159654218563e+02
-2.380658168954137750e+02
-2.378626527688777799e+02
-2.376688357289024793e+02
-2.374885711660973584e+02
-2.373258834094600047e+02
-2.371844428755476599e+02
-2.370673802646432193e+02
-2.369771250278681691e+02
-2.369152667111965229e+02
-2.368824620143711570e+02
-2.368783950963577070e+02
-2.369017897247909445e+02
-2.369504854774939133e+02
-2.370215489413673140e+02
-2.371114378898045914e+02
-2.372161667532630531e+02
-2.373315017038253814e+02
-2.374531216787324865e+02
-2.375767884631383708e+02
-2.376984596741517350e+02
-2.378144007367201027e+02
-2.379212342861189882e+02
-2.380159902683017492e+02
-2.380961015769864844e+02
-2.381594080429410667e+02
-2.382041203340256743e+02
-2.382288006737810520e+02
-2.382323191200181327e+02
-2.382138316637286550e+02
-2.381727478739662160e+02
-2.381087212824160702e+02
-2.380216408375406445e+02
-2.379116421956289855e+02
-2.377791289955993363e+02
-2.376248074128873498e+02
-2.374497359526663161e+02
-2.372553774425324491e+02
-2.370436672627301959e+02
-2.368170662998276441e+02
-2.365786229939284055e+02
-2.363319982338626062e+02
-2.360814841292048811e+02
-2.358319606836294895e+02
-2.355888295869423814e+02
-2.353578674226201599e+02
-2.351450488391690783e+02
-2.349562924575490115e+02
-2.347971918822075281e+02
-2.346727054866442188e+02
-2.345868723743563748e+02
-2.345425486533737285e+02
-2.345412193667399947e+02
-2.345828899220433073e+02
-2.346660790580298794e+02
-2.347879151103579716e+02
-2.349443141797794965e+02
-2.351302390025035152e+02
-2.353399817624705292e+02
-2.355674793744257727e+02
-2.358065891062443029e+02
-2.360513531054022280e+02
-2.362961843103810509e+02
-2.365360235730136651e+02
-2.367664114860305631e+02
-2.369835379228200338e+02
-2.371842232411138980e+02
-2.373658943290462275e+02
-2.375265179495382313e+02
-2.376645439791641081e+02
-2.377788304969161572e+02
-2.378685875064956008e+02
-2.379333192284226186e+02
-2.379727870972909614e+02
-2.379869834760033882e+02
-2.379761217490015213e+02
-2.379406454492171292e+02
-2.378812455464345987e+02
-2.377989015074921610e+02
-2.376949185362839501e+02
-2.375709890493712919e+02
-2.374292352547321059e+02
-2.372722694210910390e+02
-2.371032158485674302e+02
-2.369257388119117991e+02
-2.367440108543962083e+02
-2.365626725291506887e+02
-2.363867170072789463e+02
-2.362213577981158892e+02
-2.360718222278941312e+02
-2.359431371441707199e+02
-2.358398664261258659e+02
-2.357658710187910742e+02
-2.357240702772994325e+02
-2.357162640786436896e+02
-2.357430093633108186e+02
-2.358035813940327898e+02
-2.358960178996742627e+02
-2.360172376869965376e+02
-2.361632336135501760e+02
-2.363292958877028980e+02
-2.365102752605568526e+02
-2.367008217087862647e+02
-2.368956265055746542e+02
-2.370895998221934349e+02
-2.372780329773757728e+02
-2.374566817143790161e+02
-2.376218361438484976e+02
-2.377703201195546683e+02
-2.378994898993082074e+02
-2.380071818389589851e+02
-2.380916734924919922e+02
-2.381516144853113417e+02
-2.381859801476743144e+02
-2.381940119962042388e+02
-2.381751844928429875e+02
-2.381291719041926171e+02
-2.380558399116006001e+02
-2.379552476590620529e+02
-2.378276695233978728e+02
-2.376736355518876564e+02
-2.374939835873046832e+02
-2.372899342503961861e+02
-2.370631655972712792e+02
-2.368159086153710007e+02
-2.365510233627885555e+02
-2.362720851311876800e+02
-2.359834235380226914e+02
-2.356901508997301278e+02
-2.353981120196587540e+02
-2.351137997423898867e+02
-2.348441692953442725e+02
-2.345964078616720485e+02
-2.343776099136681523e+02
-2.341944308864203492e+02
-2.340526960713951610e+02
-2.339570456206022016e+02
-2.339106172170112643e+02
-2.339148313909134345e+02
-2.339692880638001782e+02
-2.340717939265853715e+02
-2.342185219577543194e+02
-2.344042676442049356e+02
-2.346227962792672486e+02
-2.348672073940424809e+02
-2.351303220180154199e+02
-2.354050094263758979e+02
-2.356844853928073462e+02
-2.359625089678781364e+02
-2.362335370449492871e+02
-2.364927786219450070e+02
-2.367362218490677606e+02
-2.369605870295002603e+02
-2.371632757838226553e+02
-2.373422781692223396e+02
-2.374960950003485038e+02
-2.376236433476470324e+02
-2.377241862324536044e+02
-2.377972631404954882e+02
-2.378426448428388085e+02
-2.378603004165831578e+02
-2.378503833311798701e+02
-2.378132372444746352e+02
-2.377494127129921253e+02
-2.376597083796370384e+02
-2.375452123012113361e+02
-2.374073687686320966e+02
-2.372480315852858155e+02
-2.370695384644604644e+02
-2.368747534468432434e+02
-2.366671193568105593e+02
-2.364506564530563253e+02
-2.362299549023975089e+02
-2.360100932993556455e+02
-2.357965375909522265e+02
-2.355949582699130360e+02
-2.354110288565951805e+02
-2.352501604983109473e+02
-2.351172409903746825e+02
-2.350163562907602568e+02
-2.349505576497931258e+02
-2.349216704637538555e+02
-2.349301850374569369e+02
-2.349752324079603625e+02
-2.350546473016893003e+02
-2.351651204108821673e+02
-2.353024031229851118e+02
-2.354615707168335632e+02
-2.356372801214051549e+02
-2.358240438415377582e+02
-2.360164481464118182e+02
-2.362093584689164061e+02
-2.363980452650695270e+02
-2.365782906592836241e+02
-2.367464190894000069e+02
-2.368993190595633962e+02
-2.370344073865183248e+02
-2.371496000675906259e+02
-2.372432479803757985e+02
-2.373140907329069478e+02
-2.373611945760548281e+02
-2.373839134459404931e+02
-2.373818486775042800e+02
-2.373548306269755983e+02
-2.373029092141165393e+02
-2.372263611711615852e+02
-2.371257131655541457e+02
-2.370017731283120384e+02
-2.368556809971962309e+02
-2.366889557871307659e+02
-2.365035608424852001e+02
-2.363019492457066519e+02
-2.360871197940560364e+02
-2.358626332529848639e+02
-2.356326257732243050e+02
-2.354017610250807024e+02
-2.351751655670716445e+02
-2.349582893410176609e+02
-2.347567440424701886e+02
-2.345760723259025156e+02
-2.344215086283231528e+02
-2.342977038372385437e+02
-2.342084763466418167e+02
-2.341565802520316311e+02
-2.341435400030576659e+02
-2.341695526830824008e+02
-2.342334773872288736e+02
-2.343329133889240836e+02
-2.344643483537793145e+02
-2.346233783550929388e+02
-2.348049497741719733e+02
-2.350036338220134837e+02
-2.352138689025439362e+02
-2.354301979562065412e+02
-2.356474403006628222e+02
-2.358608420136538371e+02
-2.360661507136848911e+02
-2.362596734436444308e+02
-2.364382714098804286e+02
-2.365993511179352424e+02
-2.367408128573582076e+02
-2.368610087096712675e+02
-2.369586788627901797e+02
-2.370329057304069522e+02
-2.370830617534922169e+02
-2.371087772008228285e+02
-2.371099133111654282e+02
-2.370865527111876645e+02
-2.370390036312246593e+02
-2.369678145130447717e+02
-2.368738083227806897e+02
-2.367581176219706549e+02
-2.366222412711017000e+02
-2.364680891997755054e+02
-2.362980453588431828e+02
-2.361150015585642734e+02
-2.359224003038010551e+02
-2.357242278743528914e+02
-2.355250031165034841e+02
-2.353296972027133052e+02
-2.351436377941985256e+02
-2.349723365111954081e+02
-2.348213019521952560e+02
-2.346957904335870921e+02
-2.346005638159852253e+02
-2.345396248713992406e+02
-2.345159977662139568e+02
-2.345315389821364249e+02
-2.345868281437291785e+02
-2.346811300120650685e+02
-2.348124443853015748e+02
-2.349776341786402440e+02
-2.351726132745898781e+02
-2.353925861527146708e+02
-2.356322961631185251e+02
-2.358862860657912393e+02
-2.361491196976663787e+02
-2.364155864435136323e+02
-2.366808415742380589e+02
-2.369405200624779866e+02
-2.371907864783541697e+02
-2.374283655637931076e+02
-2.376505243842309483e+02
-2.378550488569979393e+02
-2.380401921063688633e+02
-2.382046286601780025e+02
-2.383473985323048510e+02
-2.384678624358874117e+02
-2.385656605849230800e+02
-2.386406823795307730e+02
-2.386930489128818351e+02
-2.387231018614831157e+02
-2.387314110547379187e+02
-2.387187809763848350e+02
-2.386862792135956681e+02
-2.386352538408975192e+02
-2.385673724263114650e+02
-2.384846381618164060e+02
-2.383894237555797702e+02
-2.382844688632648058e+02
-2.381728883701772190e+02
-2.380581312643894876e+02
-2.379439430879765496e+02
-2.378342710319411992e+02
-2.377331697467640481e+02
-2.376446529455714369e+02
-2.375725523061778404e+02
-2.375203400448489219e+02
-2.374909757166906843e+02
-2.374867469816757364e+02
-2.375091550162058525e+02
-2.375588253050833032e+02
-2.376354766673957215e+02
-2.377379344918779793e+02
-2.378641959909147943e+02
-2.380115398118419421e+02
-2.381766633343659691e+02
-2.383558479940761572e+02
-2.385451194764953868e+02
-2.387404155267018382e+02
-2.389377211968296706e+02
-2.391331981051527578e+02
-2.393232674023775246e+02
-2.395046836851964827e+02
-2.396745627880667939e+02
-2.398304057348612730e+02
-2.399700858915357458e+02
-2.400918398647418712e+02
-2.401942341109316033e+02
-2.402761416701958694e+02
-2.403367064434500548e+02
-2.403753206674446687e+02
-2.403915995410738446e+02
-2.403853686634680855e+02
-2.403566558561011561e+02
-2.403056928723209467e+02
-2.402329260548700915e+02
-2.401390321692827854e+02
-2.400249456813085374e+02
-2.398918831210072824e+02
-2.397413796005269546e+02
-2.395753118243877111e+02
-2.393959301249853127e+02
-2.392058646959394821e+02
-2.390081343290692359e+02
-2.388061173482954587e+02
-2.386035161431971119e+02
-2.384042769155585688e+02
-2.382124987371834379e+02
-2.380322976004618170e+02
-2.378676654489770215e+02
-2.377222994618402367e+02
-2.375994412761006060e+02
-2.375017147905520005e+02
-2.374309950545657273e+02
-2.373883076983639171e+02
-2.373737745526138099e+02
-2.373866117261235900e+02
-2.374251728695773238e+02
-2.374870476604806413e+02
-2.375691838828882965e+02
-2.376680510562901532e+02
-2.377797956398630106e+02
-2.379004165053226529e+02
-2.380259034641131848e+02
-2.381523799074190606e+02
-2.382761926330674100e+02
-2.383940001673317681e+02
-2.385028070958504998e+02
-2.385999997960075234e+02
-2.386833378536532564e+02
-2.387509540413266222e+02
-2.388013230719480475e+02
-2.388332451136442103e+02
-2.388458121330592121e+02
-2.388383917613595884e+02
-2.388106055781603629e+02
-2.387623240429748250e+02
-2.386936649809725850e+02
-2.386050040616206047e+02
-2.384969948759424767e+02
-2.383705932115871065e+02
-2.382270931841541994e+02
-2.380681562447052784e+02
-2.378958499075727389e+02
-2.377126641513386858e+02
-2.375215309687341687e+02
-2.373258051252915379e+02
-2.371292383143479867e+02
-2.369359010206343328e+02
-2.367500911061123929e+02
-2.365761872205028453e+02
-2.364184922914705282e+02
-2.362810365957366514e+02
-2.361673888269338875e+02
-2.360804597914528244e+02
-2.360223408296486411e+02
-2.359941753007209968e+02
-2.359960870965257982e+02
-2.360271708101202535e+02
-2.360855396555922994e+02
-2.361684395477510634e+02
-2.362723956978687454e+02
-2.363934062422407578e+02
-2.365271287610316051e+02
-2.366690862206635586e+02
-2.368148295624151274e+02
-2.369600996500851409e+02
-2.371009268959919609e+02
-2.372337242534922552e+02
-2.373553180268582992e+02
-2.374629775833680014e+02
-2.375543951300505228e+02
-2.376276745229481264e+02
-2.376812869572240174e+02
-2.377140439164446946e+02
-2.377250530114225171e+02
-2.377136948305556245e+02
-2.376795958881619981e+02
-2.376226214142248523e+02
-2.375428740713485922e+02
-2.374407076592736701e+02
-2.373167532633883070e+02
-2.371719514129296726e+02
-2.370075995579892378e+02
-2.368253933835954115e+02
-2.366274799998145681e+02
-2.364164888236249737e+02
-2.361955659237779059e+02
-2.359683663774411002e+02
-2.357390377275559104e+02
-2.355121440990856456e+02
-2.352925713794320188e+02
-2.350853668191299448e+02
-2.348955612553538117e+02
-2.347279405151443257e+02
-2.345868193147561556e+02
-2.344758023264643043e+02
-2.343975813412313300e+02
-2.343537691511504306e+02
-2.343447995089194364e+02
-2.343699011182336562e+02
-2.344271429679056666e+02
-2.345135589679520649e+02
-2.346253179896419283e+02
-2.347579496787430458e+02
-2.349065664656979493e+02
-2.350661074633888745e+02
-2.352315342610517632e+02
-2.353980224140580333e+02
-2.355610816645190653e+02
-2.357166640958058110e+02
-2.358612007961442885e+02
-2.359916335058238417e+02
-2.361053895990389435e+02
-2.362003644030026521e+02
-2.362748666879596726e+02
-2.363275816081870460e+02
-2.363575152919222830e+02
-2.363639617862279181e+02
-2.363464659057524955e+02
-2.363048080904958113e+02
-2.362389956869847083e+02
-2.361492715922883292e+02
-2.360361363938735053e+02
-2.359003795890255333e+02
-2.357431276657559636e+02
-2.355658891706039810e+02
-2.353706147262573154e+02
-2.351597376376957413e+02
-2.349362213241744541e+02
-2.347035671485921284e+02
-2.344658157828224034e+02
-2.342274892228454632e+02
-2.339935135717430796e+02
-2.337690721416450117e+02
-2.335594371769078634e+02
-2.333697410682673308e+02
-2.332047444917787402e+02
-2.330685801200023093e+02
-2.329645265163345869e+02
-2.328948110854481683e+02
-2.328604783316708904e+02
-2.328613313678796430e+02
-2.328959510171108604e+02
-2.329618016841848487e+02
-2.330553911368043600e+02
-2.331724951228314353e+02
-2.333083877685736240e+02
-2.334580989705228831e+02
-2.336166281248761720e+02
-2.337791541384233938e+02
-2.339411743869344491e+02
-2.340986283184396086e+02
-2.342479480266632095e+02
-2.343860992957982603e+02
-2.345105659760533854e+02
-2.346193366903094386e+02
-2.347108583419102104e+02
-2.347840025211057196e+02
-2.348380201140886072e+02
-2.348725134842980538e+02
-2.348874140687710792e+02
-2.348829751692715888e+02
-2.348597820300480237e+02
-2.348187687908730084e+02
-2.347612590934279524e+02
-2.346889988938792442e+02
-2.346042127546236884e+02
-2.345096318641873552e+02
-2.344085377601284108e+02
-2.343047527737174107e+02
-2.342026325675342662e+02
-2.341069813108936444e+02
-2.340229572672461131e+02
-2.339558884523790994e+02
-2.339110798941368614e+02
-2.338935445063299312e+02
-2.339077499146470700e+02
-2.339573309200542042e+02
-2.340448618108205778e+02
-2.341716533994230929e+02
-2.343376491374878299e+02
-2.345413915862800138e+02
-2.347800964178131267e+02
-2.350498033095272490e+02
-2.353456003880021683e+02
-2.356618940609978097e+02
-2.359926925166082583e+02
-2.363318900324506160e+02
-2.366735098156198376e+02
-2.370119168553628128e+02
-2.373419609712781551e+02
-2.376590838082776429e+02
-2.379593562960852751e+02
-2.382394924493432313e+02
-2.384968108535660463e+02
-2.387291909974057944e+02
-2.389349989107834062e+02
-2.391130220946794793e+02
-2.392623923296700355e+02
-2.393825253721246611e+02
-2.394730614943709384e+02
-2.395338243968168968e+02
-2.395647905188625941e+02
-2.395660734782364898e+02
-2.395379259007503379e+02
-2.394807512898333925e+02
-2.393951388150531159e+02
-2.392819012015614817e+02
-2.391421386897723380e+02
-2.389772967025744492e+02
-2.387892489418497064e+02
-2.385803599199113592e+02
-2.383535660408170429e+02
-2.381124163339248128e+02
-2.378611166939157613e+02
-2.376045102645927898e+02
-2.373480423399498704e+02
-2.370976414972132602e+02
-2.368595722488650210e+02
-2.366402017421947050e+02
-2.364457448556985639e+02
-2.362819527118347480e+02
-2.361538133359618712e+02
-2.360652539385428952e+02
-2.360189066859124409e+02
-2.360159404928354547e+02
-2.360559922683298737e+02
-2.361372014383472333e+02
-2.362563375756808171e+02
-2.364090214111436410e+02
-2.365899892021597566e+02
-2.367934058327851403e+02
-2.370131553316893189e+02
-2.372431322079038978e+02
-2.374774619567925242e+02
-2.377106963338038099e+02
-2.379379215017508500e+02
-2.381548415078123639e+02
-2.383577855317669787e+02
-2.385437056959689244e+02
-2.387101223942555350e+02
-2.388550771214586916e+02
-2.389770566814848678e+02
-2.390749358623627359e+02
-2.391479106200364413e+02
-2.391954531804686326e+02
-2.392172705084657878e+02
-2.392132826626430244e+02
-2.391836133523048602e+02
-2.391285943357011377e+02
-2.390487877361502171e+02
-2.389450135875678427e+02
-2.388183978933541880e+02
-2.386704144610674803e+02
-2.385029455992082319e+02
-2.383183217863828816e+02
-2.381193730567539149e+02
-2.379094411936038682e+02
-2.376923918447913309e+02
-2.374725690279797163e+02
-2.372547371134646141e+02
-2.370439541625590039e+02
-2.368454281430949209e+02
-2.366643106649499941e+02
-2.365054853678908842e+02
-2.363733232682758683e+02
-2.362714616963948515e+02
-2.362025970010132596e+02
-2.361683344533754507e+02
-2.361690961336589680e+02
-2.362041030322201038e+02
-2.362714357277019133e+02
-2.363681546364123847e+02
-2.364904864133177114e+02
-2.366340298884123570e+02
-2.367939959733473927e+02
-2.369654199586048833e+02
-2.371433767195329381e+02
-2.373231365352549176e+02
-2.375003085853688845e+02
-2.376709152172016957e+02
-2.378314556159451172e+02
-2.379789094793056847e+02
-2.381107401662833922e+02
-2.382248555171773603e+02
-2.383195793816620949e+02
-2.383935987604154718e+02
-2.384459286345721125e+02
-2.384758672599748195e+02
-2.384829706465924914e+02
-2.384670287561201576e+02
-2.384280579294890572e+02
-2.383663028036921787e+02
-2.382822482585755210e+02
-2.381766456766629005e+02
-2.380505406670607158e+02
-2.379053162395082950e+02
-2.377427256941387270e+02
-2.375649381829828428e+02
-2.373745593684046753e+02
-2.371746571730404298e+02
-2.369687465693583306e+02
-2.367607694251838950e+02
-2.365550200739351681e+02
-2.363560583104740260e+02
-2.361685649821035327e+02
-2.359971873773831987e+02
-2.358463406790857562e+02
-2.357200165817536970e+02
-2.356215795251715974e+02
-2.355535970850356478e+02
-2.355176982805003263e+02
-2.355144890379748688e+02
-2.355435258465534218e+02
-2.356033502942322855e+02
-2.356915879498855304e+02
-2.358050860729275939e+02
-2.359400981749845130e+02
-2.360924697708966562e+02
-2.362578430106245264e+02
-2.364318271377553629e+02
-2.366101657991532647e+02
-2.367888503568571252e+02
-2.369642217881922761e+02
-2.371330174458911983e+02
-2.372924097436231250e+02
-2.374400011431632436e+02
-2.375738195168937636e+02
-2.376922862256542999e+02
-2.377941915962488508e+02
-2.378786588262283317e+02
-2.379451185246213356e+02
-2.379932832021327158e+02
-2.380231315512436367e+02
-2.380349013728474290e+02
-2.380290858221772510e+02
-2.380064440456998227e+02
-2.379680063988938628e+02
-2.379150956065636819e+02
-2.378493316784234253e+02
-2.377726510523046386e+02
-2.376872976776362520e+02
-2.375958237924629373e+02
-2.375010517992904227e+02
-2.374060409292638099e+02
-2.373140084912756151e+02
-2.372282542365510665e+02
-2.371520413977119119e+02
-2.370884856633148559e+02
-2.370404143329014346e+02
-2.370102454782915800e+02
-2.369998600063091772e+02
-2.370105084419377022e+02
-2.370427357806983366e+02
-2.370963499253335556e+02
-2.371704245056506863e+02
-2.372633419258979757e+02
-2.373728730289203384e+02
-2.374962790383895879e+02
-2.376304408363978666e+02
-2.377719841416138138e+02
-2.379174182334369618e+02
-2.380632473886446974e+02
-2.382060851887259787e+02
-2.383427278779269898e+02
-2.384702270470953067e+02
-2.385859189970975933e+02
-2.386874566015485470e+02
-2.387728030982337941e+02
-2.388402345109358009e+02
-2.388883134163103819e+02
-2.389158767503751051e+02
-2.389220053885640880e+02
-2.389060108752846645e+02
-2.388674131320461242e+02
-2.388059358652637911e+02
-2.387215011298750653e+02
-2.386142394112341094e+02
-2.384845056667293761e+02
-2.383329064137539035e+02
-2.381603376751988890e+02
-2.379680268531403158e+02
-2.377575872054914328e+02
-2.375310654934533545e+02
-2.372909993887155053e+02
-2.370404526711282926e+02
-2.367830509450689362e+02
-2.365229768170413536e+02
-2.362649528155251062e+02
-2.360141637140251589e+02
-2.357761571167542058e+02
-2.355566744248602049e+02
-2.353614604571569089e+02
-2.351960159129918395e+02
-2.350653493073598668e+02
-2.349737087858683253e+02
-2.349243516495382380e+02
-2.349193446488950485e+02
-2.349594395539933771e+02
-2.350440209853349245e+02
-2.351711418514101979e+02
-2.353376407054559536e+02
-2.355393228346636931e+02
-2.357711985239407113e+02
-2.360277362554882359e+02
-2.363031324168767071e+02
-2.365915474100845586e+02
-2.368873256338808062e+02
-2.371851539027692581e+02
-2.374801914402302430e+02
-2.377681348458001764e+02
-2.380452607436313315e+02
-2.383084170093193279e+02
-2.385550045960399075e+02
-2.387829283636345963e+02
-2.389905500292091460e+02
-2.391766284406143086e+02
-2.393402686443342873e+02
-2.394808717697226541e+02
-2.395980947783637589e+02
-2.396918201819806598e+02
-2.397621324654439832e+02
-2.398093102434305592e+02
-2.398338193860609522e+02
-2.398363251987585443e+02
-2.398176982542952089e+02
-2.397790399410864950e+02
-2.397216932787829649e+02
-2.396472717292506616e+02
-2.395576636116464044e+02
-2.394550504198932970e+02
-2.393418911434319511e+02
-2.392209147366382069e+02
-2.390950711929290549e+02
-2.389674859119417931e+02
-2.388413715184713340e+02
-2.387199418421013775e+02
-2.386062914662990124e+02
-2.385032836162006902e+02
-2.384134214023090408e+02
-2.383387386608968654e+02
-2.382806989307776178e+02
-2.382401247154581085e+02
-2.382171572295525266e+02
-2.382112487571374118e+02
-2.382211979982082255e+02
-2.382452077801430903e+02
-2.382809837403960387e+02
-2.383258347103749770e+02
-2.383768033938504232e+02
-2.384307743633105190e+02
-2.384846004916966251e+02
-2.385351880675031282e+02
-2.385795929376650975e+02
-2.386150669894762473e+02
-2.386391150492158886e+02
-2.386495035678090915e+02
-2.386442834560609754e+02
-2.386217726455869581e+02
-2.385805582921839232e+02
-2.385194690201247170e+02
-2.384375708743748135e+02
-2.383341443060550375e+02
-2.382086864020216979e+02
-2.380609043005831609e+02
-2.378907324850839871e+02
-2.376983500557674915e+02
-2.374842175228098142e+02
-2.372491199331826692e+02
-2.369942216466143066e+02
-2.367211292090126449e+02
-2.364319528309423504e+02
-2.361293715262318642e+02
-2.358166772295707005e+02
-2.354978104434619581e+02
-2.351773499758560320e+02
-2.348604769944718100e+02
-2.345528705266516454e+02
-2.342605643382098322e+02
-2.339897283571402227e+02
-2.337464165318657479e+02
-2.335362626329439308e+02
-2.333641751998610516e+02
-2.332340353912882165e+02
-2.331484458471035737e+02
-2.331085479121050810e+02
-2.331139312385644757e+02
-2.331626537482457877e+02
-2.332513535883225018e+02
-2.333754658269033371e+02
-2.335294845895782032e+02
-2.337072856025536680e+02
-2.339024263218068427e+02
-2.341084555293942913e+02
-2.343191471230333036e+02
-2.345287134868604539e+02
-2.347319227671843294e+02
-2.349241939258939169e+02
-2.351016050548332998e+02
-2.352608947602297178e+02
-2.353994009523862871e+02
-2.355150111459369384e+02
-2.356060757073907723e+02
-2.356713453216343908e+02
-2.357098920412860537e+02
-2.357210594636300982e+02
-2.357044119219822846e+02
-2.356597114895650975e+02
-2.355869052043473744e+02
-2.354861354672126481e+02
-2.353577695293128045e+02
-2.352024442319437583e+02
-2.350211365134683774e+02
-2.348152378208529854e+02
-2.345866549169782900e+02
-2.343378972669241591e+02
-2.340721830336413802e+02
-2.337935050706976483e+02
-2.335066960127813900e+02
-2.332174190821772299e+02
-2.329321313295360767e+02
-2.326579409190422325e+02
-2.324024168516524469e+02
-2.321732853595690926e+02
-2.319780887197941865e+02
-2.318237677874877534e+02
-2.317162597171668494e+02
-2.316601020085496430e+02
-2.316581290330032630e+02
-2.317112654773027600e+02
-2.318184655841584458e+02
-2.319767942273507231e+02
-2.321816397372220990e+02
-2.324270421926977974e+02
-2.327060751816905793e+02
-2.330112702325253622e+02
-2.333350037944460382e+02
-2.336698574657025631e+02
-2.340088827157736944e+02
-2.343458105242173701e+02
-2.346751562904590287e+02
-2.349922786529236589e+02
-2.352933577645900129e+02
-2.355753537984818422e+02
-2.358359199459938793e+02
-2.360733185585454805e+02
-2.362863221071711450e+02
-2.364741298353310981e+02
-2.366362895853015118e+02
-2.367726371879641079e+02
-2.368832537402179241e+02
-2.369684351097549779e+02
-2.370286866049337959e+02
-2.370647207871017486e+02
-2.370774843055641838e+02
-2.370681765317442284e+02
-2.370382976352035769e+02
-2.369896750285389260e+02
-2.369245158105676694e+02
-2.368454217166457454e+02
-2.367554222664103349e+02
-2.366579537729511173e+02
-2.365568462422991161e+02
-2.364562428130853959e+02
-2.363605195973092350e+02
-2.362741352002466044e+02
-2.362014831032145139e+02
-2.361466887908158867e+02
-2.361134261493463100e+02
-2.361047122967918312e+02
-2.361227479588590086e+02
-2.361687776777716579e+02
-2.362430176702835638e+02
-2.363446345381076412e+02
-2.364717928422722366e+02
-2.366217603720717761e+02
-2.367910573627419808e+02
-2.369756461802707577e+02
-2.371711241985819925e+02
-2.373729307509352680e+02
-2.375765188027827151e+02
-2.377775204997695937e+02
-2.379718560795207338e+02
-2.381558303797827705e+02
-2.383261700193233992e+02
-2.384800542420503575e+02
-2.386150968537237702e+02
-2.387293326585741227e+02
-2.388211698744785849e+02
-2.388893573858374282e+02
-2.389329328955537051e+02
-2.389511909355769887e+02
-2.389436446508338747e+02
-2.389100084375596964e+02
-2.388501845169811304e+02
-2.387642676955075274e+02
-2.386525620517438426e+02
-2.385156102976474131e+02
-2.383542410476363500e+02
-2.381696200820815648e+02
-2.379633209149911011e+02
-2.377373864751014025e+02
-2.374944057232254693e+02
-2.372375624380854902e+02
-2.369706866534250196e+02
-2.366982542581466760e+02
-2.364253715989339639e+02
-2.361576852853885384e+02
-2.359012621319220955e+02
-2.356623853201725467e+02
-2.354473224739803641e+02
-2.352620291914378754e+02
-2.351118529056882096e+02
-2.350012235258981264e+02
-2.349333940489900101e+02
-2.349102327878686935e+02
-2.349321086912887040e+02
-2.349978746135163306e+02
-2.351049493582509626e+02
-2.352494987498563717e+02
-2.354266757954580953e+02
-2.356309205522467209e+02
-2.358562539997035685e+02
-2.360965821832252800e+02
-2.363459406561700575e+02
-2.365987149609485414e+02
-2.368497789087000456e+02
-2.370946028546582340e+02
-2.373292860930120014e+02
-2.375505718541689646e+02
-2.377558089955356309e+02
-2.379429127733305620e+02
-2.381102981296334065e+02
-2.382568240151523753e+02
-2.383817313763868810e+02
-2.384845962472378176e+02
-2.385652918495018184e+02
-2.386239633086803167e+02
-2.386610213120234505e+02
-2.386771413120020213e+02
-2.386732876252549147e+02
-2.386507319120205182e+02
-2.386110985868714351e+02
-2.385563900617825652e+02
-2.384890360669741085e+02
-2.384119040683459616e+02
-2.383283264393252239e+02
-2.382420696352056098e+02
-2.381573083531407349e+02
-2.380785265177126462e+02
-2.380104165898538042e+02
-2.379577028228654569e+02
-2.379249678110379023e+02
-2.379164215724307496e+02
-2.379356963182795255e+02
-2.379856218674546255e+02
-2.380680598701330553e+02
-2.381837641297727259e+02
-2.383323244442030671e+02
-2.385121673604562886e+02
-2.387206386870431345e+02
-2.389541439439572059e+02
-2.392083387186739571e+02
-2.394783522213166691e+02
-2.397590130531316959e+02
-2.400450763821563953e+02
-2.403314123194138574e+02
-2.406131749464527161e+02
-2.408859117217936330e+02
-2.411456505105421968e+02
-2.413889276441970537e+02
-2.416128031120065316e+02
-2.418148297344809805e+02
-2.419930231963832341e+02
-2.421458024809017218e+02
-2.422719422915751295e+02
-2.423705104078674992e+02
-2.424408223880287494e+02
-2.424823927252704721e+02
-2.424949046933395493e+02
-2.424781838192198506e+02
-2.424321884012114481e+02
-2.423570097376122874e+02
-2.422528854876871094e+02
-2.421202274444189868e+02
-2.419596567888384016e+02
-2.417720563740205648e+02
-2.415586231747477086e+02
-2.413209368829082564e+02
-2.410610171804683546e+02
-2.407813912613164575e+02
-2.404851339500103506e+02
-2.401759057082299762e+02
-2.398579440790999229e+02
-2.395360368203751023e+02
-2.392154314915788405e+02
-2.389017152730729379e+02
-2.386006282538589289e+02
-2.383178485780947256e+02
-2.380587338173837963e+02
-2.378280589034537797e+02
-2.376297570089679709e+02
-2.374666965201500659e+02
-2.373405173788636375e+02
-2.372515352085946176e+02
-2.371987427942124214e+02
-2.371798794835042941e+02
-2.371915987460775739e+02
-2.372296666335652731e+02
-2.372892270570031599e+02
-2.373650428717978116e+02
-2.374517635005851162e+02
-2.375441227074256005e+02
-2.376371362126898248e+02
-2.377262098175410756e+02
-2.378072421424132301e+02
-2.378766430699172076e+02
-2.379313566357951117e+02
-2.379688189697611165e+02
-2.379869345612478639e+02
-2.379840105549370151e+02
-2.379587194143009299e+02
-2.379100402892625539e+02
-2.378372329969706129e+02
-2.377398071779538782e+02
-2.376175226490691728e+02
-2.374703980247644779e+02
-2.372987451569548227e+02
-2.371032215097019105e+02
-2.368848980194937326e+02
-2.366453493822144196e+02
-2.363867430950017479e+02
-2.361119465736412337e+02
-2.358246065573798944e+02
-2.355292296438817345e+02
-2.352311988055812151e+02
-2.349367636651155351e+02
-2.346529279383390474e+02
-2.343872867588664235e+02
-2.341477411902034191e+02
-2.339421635990601658e+02
-2.337779671864404065e+02
-2.336616728083009207e+02
-2.335984610813248423e+02
-2.335918050462090036e+02
-2.336431902008096415e+02
-2.337519865181611749e+02
-2.339154731882879332e+02
-2.341290184419934803e+02
-2.343863975591009705e+02
-2.346801927907180243e+02
-2.350022552283614630e+02
-2.353441435330290687e+02
-2.356975441213845102e+02
-2.360545914752119927e+02
-2.364081297263134331e+02
-2.367518528261668393e+02
-2.370803915462489329e+02
-2.373893000804085887e+02
-2.376750186860233782e+02
-2.379347729779724432e+02
-2.381664784154747849e+02
-2.383686148640692863e+02
-2.385401241167948569e+02
-2.386803003467902897e+02
-2.387887091937956825e+02
-2.388651134125982196e+02
-2.389094249892143580e+02
-2.389216721066410116e+02
-2.389019865136843066e+02
-2.388506121417499912e+02
-2.387679265376989406e+02
-2.386544887513167907e+02
-2.385110918082107219e+02
-2.383388441141163128e+02
-2.381392444910609640e+02
-2.379142841829516044e+02
-2.376665256062167941e+02
-2.373991976905700767e+02
-2.371162441811519557e+02
-2.368223686170626365e+02
-2.365230039515874125e+02
-2.362242549104468310e+02
-2.359327430908030578e+02
-2.356554105581078886e+02
-2.353992304302097409e+02
-2.351708898147230968e+02
-2.349764219059421464e+02
-2.348208602568517449e+02
-2.347079177359952951e+02
-2.346397493933530995e+02
-2.346168155085286173e+02
-2.346378611533333185e+02
-2.347000265780277175e+02
-2.347990504182298537e+02
-2.349295753382214400e+02
-2.350854751001381260e+02
-2.352602233138341887e+02
-2.354472076710614488e+02
-2.356400326883339460e+02
-2.358327231762223732e+02
-2.360198978098276825e+02
-2.361968370174037659e+02
-2.363595317563982690e+02
-2.365046487536576763e+02
-2.366294976427058430e+02
-2.367319455948327800e+02
-2.368103522598278801e+02
-2.368634789345892955e+02
-2.368904278108203698e+02
-2.368905753649808901e+02
-2.368635369124946521e+02
-2.368091391420562672e+02
-2.367274193048789925e+02
-2.366186423712100861e+02
-2.364833364111724450e+02
-2.363223519502769250e+02
-2.361369277423630422e+02
-2.359287814240802277e+02
-2.357001880759501660e+02
-2.354540763747551750e+02
-2.351940869094738389e+02
-2.349246295727340623e+02
-2.346508716898254931e+02
-2.343787009276135223e+02
-2.341145902985264513e+02
-2.338654213223423994e+02
-2.336382040697315290e+02
-2.334397654168298857e+02
-2.332763704495044976e+02
-2.331533593478399666e+02
-2.330747933009105850e+02
-2.330431836179386380e+02
-2.330593119445513253e+02
-2.331221777043283794e+02
-2.332290772406339556e+02
-2.333757953478397553e+02
-2.335569051603518744e+02
-2.337661097376555404e+02
-2.339966277152650491e+02
-2.342415377129481726e+02
-2.344941076564834646e+02
-2.347480285402874927e+02
-2.349976085356293822e+02
-2.352378620955026634e+02
-2.354645676284910962e+02
-2.356742419137407296e+02
-2.358641061636022584e+02
-2.360320015282486850e+02
-2.361763170111099726e+02
-2.362958961934600097e+02
-2.363899675762656045e+02
-2.364580752428076948e+02
-2.365000347187135503e+02
-2.365159037715739601e+02
-2.365059734441912553e+02
-2.364707835554757480e+02
-2.364111490679050576e+02
-2.363282172180787200e+02
-2.362235211829960235e+02
-2.360990650721130351e+02
-2.359573855801597233e+02
-2.358016382694694641e+02
-2.356356337755297545e+02
-2.354638812636300429e+02
-2.352915528035696298e+02
-2.351244332908726165e+02
-2.349687671387385137e+02
-2.348310790774304451e+02
-2.347178906520957753e+02
-2.346354261131829730e+02
-2.345892520605586355e+02
-2.345839524234484088e+02
-2.346228098306605148e+02
-2.347075825932748216e+02
-2.348383599663976611e+02
-2.350135485064471936e+02
-2.352299677474905479e+02
-2.354830566371742009e+02
-2.357671637798273707e+02
-2.360758809741705591e+02
-2.364024018749109359e+02
-2.367398474962527644e+02
-2.370815654556064658e+02
-2.374213484022195928e+02
-2.377536065263420539e+02
-2.380734505835270625e+02
-2.383767386178334959e+02
-2.386600524000941732e+02
-2.389206595638334250e+02
-2.391564333611292739e+02
-2.393657783731817119e+02
-2.395475382739504084e+02
-2.397009209782855521e+02
-2.398254231506208498e+02
-2.399207746618411932e+02
-2.399868942247893813e+02
-2.400238613852351079e+02
-2.400319073847234108e+02
-2.400114168500593905e+02
-2.399629529409172051e+02
-2.398872859049126305e+02
-2.397854483468490514e+02
-2.396587836229277286e+02
-2.395090207584175630e+02
-2.393383288237373847e+02
-2.391493917483392124e+02
-2.389454440030714863e+02
-2.387303142259968638e+02
-2.385084081718248399e+02
-2.382846825453743804e+02
-2.380645399928037023e+02
-2.378537029905067470e+02
-2.376580058915260167e+02
-2.374831704082688759e+02
-2.373345236710707411e+02
-2.372167280866545980e+02
-2.371335052396090646e+02
-2.370874152209868555e+02
-2.370796899636476667e+02
-2.371101552313477896e+02
-2.371772446276555684e+02
-2.372780997135699863e+02
-2.374087589911940483e+02
-2.375643901296493823e+02
-2.377395752187405833e+02
-2.379285782052128866e+02
-2.381256224398250936e+02
-2.383251021939169902e+02
-2.385217782769286998e+02
-2.387108880220580431e+02
-2.388882373902942788e+02
-2.390502137188229597e+02
-2.391937932761761658e+02
-2.393164904884023372e+02
-2.394163180508903395e+02
-2.394917108093945046e+02
-2.395414726772656877e+02
-2.395647063851383223e+02
-2.395607711190746443e+02
-2.395292378399145719e+02
-2.394698718667070807e+02
-2.393826247778507366e+02
-2.392676493550412147e+02
-2.391253328949069896e+02
-2.389563465422246509e+02
-2.387617195231409539e+02
-2.385429175854627317e+02
-2.383019468371886944e+02
-2.380414434773540222e+02
-2.377647792979416579e+02
-2.374761246465476177e+02
-2.371805059499622814e+02
-2.368837841312328294e+02
-2.365925994623211466e+02
-2.363142057231703461e+02
-2.360562522380447490e+02
-2.358264518824348102e+02
-2.356322125103572773e+02
-2.354802006717554264e+02
-2.353759289482358099e+02
-2.353233665842397215e+02
-2.353246548566619367e+02
-2.353799378414600199e+02
-2.354873451324176301e+02
-2.356431266670907405e+02
-2.358419127905976040e+02
-2.360770873273038148e+02
-2.363411977080371571e+02
-2.366263982868835285e+02
-2.369248352175322339e+02
-2.372289993535655128e+02
-2.375319667864629878e+02
-2.378275862790968347e+02
-2.381105514615306333e+02
-2.383764359267954092e+02
-2.386216418022909806e+02
-2.388433408526066160e+02
-2.390393653040171387e+02
-2.392081146349449341e+02
-2.393484418671899050e+02
-2.394595675267642889e+02
-2.395409927528378944e+02
-2.395924414674072125e+02
-2.396138140992407557e+02
-2.396051654803189024e+02
-2.395667027631608335e+02
-2.394987998732970880e+02
-2.394020379975300159e+02
-2.392772529702913005e+02
-2.391256123163355483e+02
-2.389486860942274689e+02
-2.387485457610543733e+02
-2.385278386506701622e+02
-2.382898799885715277e+02
-2.380386954463025688e+02
-2.377790616505409389e+02
-2.375164678830724370e+02
-2.372570531146331518e+02
-2.370074423940065174e+02
-2.367745463850311864e+02
-2.365652645468358628e+02
-2.363861685402551700e+02
-2.362431331457826786e+02
-2.361409973145663628e+02
-2.360832492537749658e+02
-2.360718026584150380e+02
-2.361068694719399730e+02
-2.361869550774083280e+02
-2.363089767110694481e+02
-2.364684784494674261e+02
-2.366599385478839110e+02
-2.368771022377039799e+02
-2.371133457318104831e+02
-2.373619903388007231e+02
-2.376165979104994790e+02
-2.378711730572608190e+02
-2.381203286167428246e+02
-2.383593543677157527e+02
-2.385842600684520676e+02
-2.387917438001842072e+02
-2.389791557222191614e+02
-2.391444171089842143e+02
-2.392859528701571890e+02
-2.394026047942304842e+02
-2.394935674718511791e+02
-2.395583229459099641e+02
-2.395965988129992184e+02
-2.396083369452521765e+02
-2.395936807901254042e+02
-2.395529807869070567e+02
-2.394868104156932986e+02
-2.393960041565175629e+02
-2.392816958398490215e+02
-2.391453793516640474e+02
-2.389889547845575635e+02
-2.388147927468180569e+02
-2.386257655924248127e+02
-2.384252861857825110e+02
-2.382172930707286014e+02
-2.380062285475598287e+02
-2.377969464153162562e+02
-2.375946019835216987e+02
-2.374044687436326058e+02
-2.372317410279291607e+02
-2.370812843068914049e+02
-2.369573954097958790e+02
-2.368635555644947885e+02
-2.368022305363665225e+02
-2.367747164224537357e+02
-2.367810615499719233e+02
-2.368200694250616607e+02
-2.368893759376007893e+02
-2.369856079627335816e+02
-2.371045800794945251e+02
-2.372415431921898232e+02
-2.373914182137306454e+02
-2.375490448539229078e+02
-2.377093716959282688e+02
-2.378676378013960857e+02
-2.380194763732885690e+02
-2.381610065129981706e+02
-2.382888512455488126e+02
-2.384001540132067873e+02
-2.384925390654193222e+02
-2.385640839982903287e+02
-2.386132570457494921e+02
-2.386388765163753760e+02
-2.386400533385323683e+02
-2.386161598094971055e+02
-2.385667958896385983e+02
-2.384917805324398614e+02
-2.383911513000550713e+02
-2.382651841848577305e+02
-2.381144294241938724e+02
-2.379397591765637969e+02
-2.377424351866316670e+02
-2.375241753746730922e+02
-2.372872378509048588e+02
-2.370344848031827496e+02
-2.367694534831020121e+02
-2.364963803176872261e+02
-2.362202137826099317e+02
-2.359465519146261556e+02
-2.356815489890020103e+02
-2.354317291983320501e+02
-2.352037635140364102e+02
-2.350041638701972033e+02
-2.348389640033896626e+02
-2.347133662121746909e+02
-2.346314273857213664e+02
-2.345957848027013313e+02
-2.346074776310630341e+02
-2.346658702569128820e+02
-2.347686924085016074e+02
-2.349121961987454483e+02
-2.350913954157539649e+02
-2.353003847579728074e+02
-2.355326690684482287e+02
-2.357815144369648124e+02
-2.360402405040470057e+02
-2.363024901377865206e+02
-2.365624057267523312e+02
-2.368147704771564861e+02
-2.370550577058558019e+02
-2.372794579266641790e+02
-2.374848368627359605e+02
-2.376686922248463816e+02
-2.378290693916032410e+02
-2.379644926612930931e+02
-2.380738788356372879e+02
-2.381564743365911454e+02
-2.382117910348424061e+02
-2.382395665428374514e+02
-2.382397343016669993e+02
-2.382124133369404433e+02
-2.381579161387327019e+02
-2.380767686838377131e+02
-2.379697539730696860e+02
-2.378379578103599954e+02
-2.376828399290832294e+02
-2.375062937322426535e+02
-2.373107274740571881e+02
-2.370991151670662020e+02
-2.368750574501979997e+02
-2.366427882094409085e+02
-2.364071733610658157e+02
-2.361736319344866786e+02
-2.359480329743961420e+02
-2.357365032974945507e+02
-2.355452099170501583e+02
-2.353800691456926302e+02
-2.352464553890355035e+02
-2.351488858943578748e+02
-2.350907525254937980e+02
-2.350740963801526959e+02
-2.350994747635095052e+02
-2.351659220414718448e+02
-2.352710128516311556e+02
-2.354110272211152051e+02
-2.355811806377865025e+02
-2.357759202737864825e+02
-2.359892210390171385e+02
-2.362148972569082730e+02
-2.364468552877731042e+02
-2.366793270791182522e+02
-2.369070157955177933e+02
-2.371252150263462681e+02
-2.373298432049498388e+02
-2.375174635719650382e+02
-2.376852404770734211e+02
-2.378308998654449056e+02
-2.379526505873033955e+02
-2.380491243580392222e+02
-2.381192973166324975e+02
-2.381624369502068532e+02
