-1.810916842274644694e+02
-1.811143726052358147e+02
-1.811823540754927251e+02
-1.812938713259893575e+02
-1.814454848852304849e+02
-1.816323294482719461e+02
-1.818484452234614537e+02
-1.820871757140967588e+02
-1.823415448337113958e+02
-1.826046307512657449e+02
-1.828698459038519673e+02
-1.831311774536101211e+02
-1.833833102515665985e+02
-1.836217142181230315e+02
-1.838426305395913971e+02
-1.840430477755493825e+02
-1.842206089825250785e+02
-1.843735343648225751e+02
-1.845005052162909465e+02
-1.846005786743394879e+02
-1.846730844827152396e+02
-1.847175572194210815e+02
-1.847336634683256023e+02
-1.847211617178161873e+02
-1.846798661274906124e+02
-1.846096368593704540e+02
-1.845103817561654864e+02
-1.843820780007637836e+02
-1.842248119969569302e+02
-1.840388326534385897e+02
-1.838246287218179305e+02
-1.835830108146067232e+02
-1.833152188422865834e+02
-1.830230209081891530e+02
-1.827088305592062056e+02
-1.823757918548846533e+02
-1.820278641063222835e+02
-1.816698420813524137e+02
-1.813073461458107829e+02
-1.809467154966188787e+02
-1.805948448524923435e+02
-1.802589135136419145e+02
-1.799460590135662414e+02
-1.796629786890822515e+02
-1.794155218667190468e+02
-1.792082965841895543e+02
-1.790443427282600624e+02
-1.789249202151299585e+02
-1.788494181659061439e+02
-1.788154340759537604e+02
-1.788189580414910438e+02
-1.788547053928054140e+02
-1.789164707569690336e+02
-1.789975576847235459e+02
-1.790911318309170497e+02
-1.791905815459488451e+02
-1.792897414673892342e+02
-1.793830982066980653e+02
-1.794658505688549326e+02
-1.795339644677694935e+02
-1.795841091078390832e+02
-1.796136152427451407e+02
-1.796203507172942864e+02
-1.796026409459510376e+02
-1.795591371293180032e+02
-1.794887398115324117e+02
-1.793904920965108261e+02
-1.792635286464908972e+02
-1.791070104688758988e+02
-1.789201108246353158e+02
-1.787020017291079341e+02
-1.784518866458254536e+02
-1.781690491705739703e+02
-1.778529440716635008e+02
-1.775033209517485204e+02
-1.771203842069561176e+02
-1.767049970494200579e+02
-1.762589053644792045e+02
-1.757849988972769779e+02
-1.752875504480591928e+02
-1.747724507306495241e+02
-1.742473421558864288e+02
-1.737216663957897254e+02
-1.732065088192103985e+02
-1.727142696149012693e+02
-1.722580727598474937e+02
-1.718509963293851683e+02
-1.715051231222364549e+02
-1.712305643015785108e+02
-1.710345528744795729e+02
-1.709207634050612228e+02
-1.708889727674134349e+02
-1.709350970780222383e+02
-1.710516418907320144e+02
-1.712284217165766336e+02
-1.714535136372612953e+02
-1.717142019193661042e+02
-1.719979058239287895e+02
-1.722928679848322986e+02
-1.725886957392540637e+02
-1.728766063012516554e+02
-1.731495447676034587e+02
-1.734020790458421573e+02
-1.736302550494337424e+02
-1.738313333715380224e+02
-1.740035602159966288e+02
-1.741458976752790591e+02
-1.742578213569620402e+02
-1.743391203951902924e+02
-1.743897659528296344e+02
-1.744098035261800987e+02
-1.743993007196939686e+02
-1.743583331954688447e+02
-1.742870101201544628e+02
-1.741855527913045023e+02
-1.740543975947368267e+02
-1.738943653935810971e+02
-1.737068360847104032e+02
-1.734939924550011767e+02
-1.732590333534317608e+02
-1.730064324187911211e+02
-1.727420998335007027e+02
-1.724735284196375460e+02
-1.722097471649834688e+02
-1.719611764510626983e+02
-1.717392105236670261e+02
-1.715556620974025748e+02
-1.714219562930957181e+02
-1.713482750613065377e+02
-1.713426344695767796e+02
-1.714101303936272984e+02
-1.715523844224266554e+02
-1.717673531071853006e+02
-1.720494885765439790e+02
-1.723902486904131308e+02
-1.727788693802179125e+02
-1.732032584403789883e+02
-1.736509218461423814e+02
-1.741097550624991754e+02
-1.745686951669952123e+02
-1.750181195746295657e+02
-1.754500816001817327e+02
-1.758583221093677764e+02
-1.762381911507766574e+02
-1.765864377961834464e+02
-1.769009937718881531e+02
-1.771807068211738851e+02
-1.774251173909117938e+02
-1.776342321482768511e+02
-1.778083542941662927e+02
-1.779479308603200423e+02
-1.780534493454086089e+02
-1.781253595807284853e+02
-1.781640303034137958e+02
-1.781697373073498056e+02
-1.781426729450044775e+02
-1.780829961651832321e+02
-1.779908936609241437e+02
-1.778666929908749808e+02
-1.777109775022421729e+02
-1.775247627123842165e+02
-1.773096591797581141e+02
-1.770680947291431266e+02
-1.768034918343843458e+02
-1.765204784047594444e+02
-1.762249971665526402e+02
-1.759243930664935078e+02
-1.756273243972674720e+02
-1.753435864758430398e+02
-1.750837062182818613e+02
-1.748584282825005403e+02
-1.746780088657773717e+02
-1.745514844748373378e+02
-1.744859097417638054e+02
-1.744857446698890442e+02
-1.745524248348816059e+02
-1.746842239924752960e+02
-1.748764119641093941e+02
-1.751216817289478342e+02
-1.754107983115450793e+02
-1.757333326435370680e+02
-1.760784378807506414e+02
-1.764355063236591263e+02
-1.767947323456680238e+02
-1.771474581484694113e+02
-1.774864010854110461e+02
-1.778056813111186045e+02
-1.781007845096770836e+02
-1.783683965619297283e+02
-1.786062397943716178e+02
-1.788128486796379946e+02
-1.789873881388575967e+02
-1.791294547751088260e+02
-1.792389331612869796e+02
-1.793158567014528444e+02
-1.793603184736516880e+02
-1.793723976957699904e+02
-1.793521246005560386e+02
-1.792994701676797717e+02
-1.792143634493311879e+02
-1.790967448532885271e+02
-1.789466382804790214e+02
-1.787642726622829343e+02
-1.785502133982624287e+02
-1.783055530890959801e+02
-1.780320954308245973e+02
-1.777325940455135367e+02
-1.774109480154318987e+02
-1.770724195981532603e+02
-1.767237427490613584e+02
-1.763731884163184418e+02
-1.760304356793709246e+02
-1.757063274811150961e+02
-1.754123794758716599e+02
-1.751601615394602618e+02
-1.749604905103787758e+02
-1.748226086016489944e+02
-1.747533689307909412e+02
-1.747566136971167907e+02
-1.748327934484043453e+02
-1.749789200366844000e+02
-1.751888543111558931e+02
-1.754538669038905994e+02
-1.757634157179223280e+02
-1.761059720901260448e+02
-1.764698558385733804e+02
-1.768439058340671295e+02
-1.772180266358826941e+02
-1.775834906151674488e+02
-1.779331129322205527e+02
-1.782612227245352869e+02
-1.785635761150381029e+02
-1.788371501209196026e+02
-1.790799483511105166e+02
-1.792907585262798307e+02
-1.794689593721868164e+02
-1.796143202755384323e+02
-1.797268584940934488e+02
-1.798067073578989437e+02
-1.798540337828434303e+02
-1.798689757436624461e+02
-1.798516156974062028e+02
-1.798019817824030611e+02
-1.797200729081892234e+02
-1.796059214542069071e+02
-1.794596698043208391e+02
-1.792816951461619510e+02
-1.790727367028050026e+02
-1.788340767312152764e+02
-1.785677045430644512e+02
-1.782765238480931771e+02
-1.779645055137074507e+02
-1.776368487756098489e+02
-1.773000277673839093e+02
-1.769617888905129632e+02
-1.766309685593555798e+02
-1.763172112088339532e+02
-1.760304862115950186e+02
-1.757805174832391799e+02
-1.755760908164965599e+02
-1.754243849857411135e+02
-1.753303581825932724e+02
-1.752963176945619921e+02
-1.753217198417043790e+02
-1.754032327335363561e+02
-1.755350716275432035e+02
-1.757095131713803084e+02
-1.759175694870604616e+02
-1.761496518516079561e+02
-1.763962346820817118e+02
-1.766483516534162845e+02
-1.768980027667962247e+02
-1.771383462163974514e+02
-1.773638086653024288e+02
-1.775700226276093190e+02
-1.777537384136601020e+02
-1.779126352114799658e+02
-1.780451593685510261e+02
-1.781503228341999829e+02
-1.782275549000612784e+02
-1.782765537182625906e+02
-1.782971942408285599e+02
-1.782894602313736527e+02
-1.782534233194759281e+02
-1.781892632832279162e+02
-1.780973211964850407e+02
-1.779782074475834293e+02
-1.778329240736010775e+02
-1.776630483551982707e+02
-1.774709012782303716e+02
-1.772597663392655818e+02
-1.770340433208145896e+02
-1.767994132420901678e+02
-1.765628656212052192e+02
-1.763326743460304726e+02
-1.761181622051568070e+02
-1.759293660773339525e+02
-1.757764733407302344e+02
-1.756691884148365261e+02
-1.756159694624742542e+02
-1.756233333185916479e+02
-1.756952305579221729e+02
-1.758326633926753289e+02
-1.760335493895542243e+02
-1.762928937754864762e+02
-1.766032232914523661e+02
-1.769552122460018779e+02
-1.773384277917385248e+02
-1.777420569782177040e+02
-1.781555844566062490e+02
-1.785692968455291805e+02
-1.789746612297570323e+02
-1.793644966978482955e+02
-1.797330443644694924e+02
-1.800758828579100737e+02
-1.803898080904456833e+02
-1.806726309144308118e+02
-1.809229940259463376e+02
-1.811401602223291434e+02
-1.813238461080277943e+02
-1.814740559749644433e+02
-1.815909638150614569e+02
-1.816748084188593282e+02
-1.817258276114442879e+02
-1.817442125621162745e+02
-1.817300895763865753e+02
-1.816835290893520494e+02
-1.816045721549499490e+02
-1.814932936410406796e+02
-1.813498750234359136e+02
-1.811747244973132922e+02
-1.809685975126308222e+02
-1.807327714952550934e+02
-1.804692044920073783e+02
-1.801807406192838243e+02
-1.798712665860411732e+02
-1.795458847534667370e+02
-1.792109815372089656e+02
-1.788742581608499336e+02
-1.785445904356419078e+02
-1.782317966078728659e+02
-1.779461999686436684e+02
-1.776980968497362596e+02
-1.774970752529924880e+02
-1.773513324055580256e+02
-1.772670038637564858e+02
-1.772476506964176792e+02
-1.772939430311608930e+02
-1.774036096965983802e+02
-1.775716591300866583e+02
-1.777908199308418489e+02
-1.780521680597890111e+02
-1.783457999632028077e+02
-1.786615316276853491e+02
-1.789894714587399562e+02
-1.793205085090956175e+02
-1.796466000147698594e+02
-1.799609609522617006e+02
-1.802580760254674601e+02
-1.805336618362740637e+02
-1.807845167311281784e+02
-1.810083760881627484e+02
-1.812037155080796538e+02
-1.813695929873763077e+02
-1.815054772857366459e+02
-1.816111248912782514e+02
-1.816864631951747526e+02
-1.817315169782511362e+02
-1.817463522001892500e+02
-1.817310521659631775e+02
-1.816857198807880138e+02
-1.816105015342529896e+02
-1.815056455782845148e+02
-1.813715724521643438e+02
-1.812089885452961937e+02
-1.810189980494021142e+02
-1.808032619100428064e+02
-1.805641337938172626e+02
-1.803048316485226792e+02
-1.800295503479723891e+02
-1.797435788223098996e+02
-1.794533050387086064e+02
-1.791661791284226695e+02
-1.788905131673169819e+02
-1.786352039056406511e+02
-1.784092830111102330e+02
-1.782214102408141514e+02
-1.780792676281327260e+02
-1.779889940132469235e+02
-1.779546691846957174e+02
-1.779779658975335224e+02
-1.780579914779095816e+02
-1.781913556747161635e+02
-1.783724608589861020e+02
-1.785939472897854898e+02
-1.788472706855743581e+02
-1.791232805997480284e+02
-1.794128029406343501e+02
-1.797070904601003463e+02
-1.799982022634754060e+02
-1.802792034839967812e+02
-1.805442957564313531e+02
-1.807887935814212028e+02
-1.810090755623787970e+02
-1.812024353649082400e+02
-1.813669527829644039e+02
-1.815013117590863487e+02
-1.816046644982893099e+02
-1.816764722692875296e+02
-1.817163990589116338e+02
-1.817241978031399299e+02
-1.816996445388102757e+02
-1.816424746209669934e+02
-1.815523582944069574e+02
-1.814288872414730349e+02
-1.812715928919255646e+02
-1.810799870234407081e+02
-1.808536294871892096e+02
-1.805922323048466751e+02
-1.802957865539611646e+02
-1.799647388594168831e+02
-1.796001810832070191e+02
-1.792040920554198635e+02
-1.787795659490603271e+02
-1.783310685893576419e+02
-1.778646230739308010e+02
-1.773879619273750166e+02
-1.769105192712747225e+02
-1.764433029080001063e+02
-1.759985240917948772e+02
-1.755890554516567192e+02
-1.752276543638245698e+02
-1.749260846655939190e+02
-1.746941706334357320e+02
-1.745389564982362458e+02
-1.744640669192272640e+02
-1.744693844671986085e+02
-1.745511046881040897e+02
-1.747021299842039355e+02
-1.749127819524637175e+02
-1.751716495065953438e+02
-1.754665314147265178e+02
-1.757852552386947877e+02
-1.761163992637974616e+02
-1.764497529883287541e+02
-1.767766317696911642e+02
-1.770899451182145299e+02
-1.773841778355356666e+02
-1.776552144246498699e+02
-1.779001569829196399e+02
-1.781170738845393089e+02
-1.783047929352897540e+02
-1.784626805022157328e+02
-1.785904806038641652e+02
-1.786881666245513429e+02
-1.787558463535145563e+02
-1.787936920933083798e+02
-1.788019090582326669e+02
-1.787807373889107225e+02
-1.787304767623649298e+02
-1.786515530099104296e+02
-1.785445925787188912e+02
-1.784105458954675214e+02
-1.782508012229578469e+02
-1.780673470397982499e+02
-1.778628986099383553e+02
-1.776410576354539899e+02
-1.774063949930020385e+02
-1.771645322000827605e+02
-1.769220939978440015e+02
-1.766866161965708955e+02
-1.764662843531316412e+02
-1.762696070777548130e+02
-1.761049325763804632e+02
-1.759799399134680868e+02
-1.759010676779207074e+02
-1.758730222726627801e+02
-1.758983690209830115e+02
-1.759773113205658035e+02
-1.761076610703918277e+02
-1.762850170684521345e+02
-1.765031308705998754e+02
-1.767543840181273822e+02
-1.770303518024760763e+02
-1.773223311807285825e+02
-1.776218453540590474e+02
-1.779210076204283553e+02
-1.782128127290245345e+02
-1.784912633750834345e+02
-1.787514406010087669e+02
-1.789894435862852902e+02
-1.792023164500180599e+02
-1.793878956676410894e+02
-1.795446822685796064e+02
-1.796716753915199547e+02
-1.797682498709890808e+02
-1.798340201950417452e+02
-1.798687512471353500e+02
-1.798722697519704923e+02
-1.798444164316747731e+02
-1.797850089885264708e+02
-1.796938374641545693e+02
-1.795706806310454908e+02
-1.794153474687702214e+02
-1.792277516431093147e+02
-1.790080044785033806e+02
-1.787565524075185408e+02
-1.784743230706822601e+02
-1.781629199665893566e+02
-1.778248042038827350e+02
-1.774635103474298319e+02
-1.770838054857876216e+02
-1.766918394626715667e+02
-1.762951693401452644e+02
-1.759027090535848572e+02
-1.755244833644995595e+02
-1.751712566968449494e+02
-1.748539534418409573e+02
-1.745829841750364722e+02
-1.743674687307715487e+02
-1.742145065591681146e+02
-1.741285502365297475e+02
-1.741110039773843141e+02
-1.741601026823390441e+02
-1.742710799519813634e+02
-1.744366288170319308e+02
-1.746475306936309266e+02
-1.748934272183707321e+02
-1.751635467794361034e+02
-1.754474010232368357e+02
-1.757352815546580302e+02
-1.760186484597863057e+02
-1.762902893068240076e+02
-1.765443942555962735e+02
-1.767764582408034073e+02
-1.769831644533235249e+02
-1.771621708834202593e+02
-1.773119314752368609e+02
-1.774314773283842328e+02
-1.775202561845174216e+02
-1.775779645929073354e+02
-1.776044393182885983e+02
-1.775995590356427556e+02
-1.775631954027142854e+02
-1.774951875921500744e+02
-1.773953548453288818e+02
-1.772635473404071149e+02
-1.770997256693515567e+02
-1.769040953691142875e+02
-1.766772602911870251e+02
-1.764204437873731877e+02
-1.761357089203205533e+02
-1.758262410582883035e+02
-1.754965835827180740e+02
-1.751528938611122612e+02
-1.748030668899900775e+02
-1.744567941068821995e+02
-1.741253799418343533e+02
-1.738214032736993602e+02
-1.735580734223257764e+02
-1.733484293992131029e+02
-1.732043242809925516e+02
-1.731354206835638081e+02
-1.731482404630618248e+02
-1.732454991304102521e+02
-1.734257790051228199e+02
-1.736836406909156665e+02
-1.740101375894938371e+02
-1.743936398072389977e+02
-1.748208597930517101e+02
-1.752778805168898657e+02
-1.757511189646056948e+02
-1.762280514744683728e+02
-1.766977464226426662e+02
-1.771511069783523737e+02
-1.775809554874732328e+02
-1.779819091430350113e+02
-1.783501984173498442e+02
-1.786833835257412488e+02
-1.789800952043571272e+02
-1.792397480644182792e+02
-1.794623143343991671e+02
-1.796481048494534605e+02
-1.797976126887541284e+02
-1.799113755329796618e+02
-1.799898872243691130e+02
-1.800335316979810329e+02
-1.800425501616991824e+02
-1.800170353759903037e+02
-1.799569467029751308e+02
-1.798621614213377313e+02
-1.797325388944045130e+02
-1.795680341391182253e+02
-1.793688187126277285e+02
-1.791354633988618730e+02
-1.788691183867688039e+02
-1.785717576694662796e+02
-1.782463945825345206e+02
-1.778973393124262543e+02
-1.775303718547834535e+02
-1.771528982662171927e+02
-1.767739366509682668e+02
-1.764040038231135838e+02
-1.760547528495336280e+02
-1.757384619479169032e+02
-1.754672822030861994e+02
-1.752524025099729670e+02
-1.751031337933941643e+02
-1.750261079053059348e+02
-1.750246541883129794e+02
-1.750984926517384395e+02
-1.752437780252053585e+02
-1.754534822600180348e+02
-1.757180757365209161e+02
-1.760263521396943247e+02
-1.763663396218072137e+02
-1.767261027875268837e+02
-1.770944465046386256e+02
-1.774613725819096715e+02
-1.778183899442746281e+02
-1.781585870365227890e+02
-1.784766147170935255e+02
-1.787685154968743007e+02
-1.790315430724808721e+02
-1.792639120082896795e+02
-1.794645896091351460e+02
-1.796330708647008692e+02
-1.797692126326161883e+02
-1.798730763766486973e+02
-1.799448248563481343e+02
-1.799846389054215763e+02
-1.799926746730738785e+02
-1.799690490882106531e+02
-1.799138521497819738e+02
-1.798271972163399539e+02
-1.797092868145533373e+02
-1.795605276632693688e+02
-1.793816498949209119e+02
-1.791738830150496540e+02
-1.789391178410018028e+02
-1.786801196619953487e+02
-1.784006921005189952e+02
-1.781058624353069604e+02
-1.778019587644701573e+02
-1.774966526905373314e+02
-1.771988227424511990e+02
-1.769183254379464927e+02
-1.766655478049682415e+02
-1.764508630939571674e+02
-1.762839231759430163e+02
-1.761729515678087523e+02
-1.761240416677543976e+02
-1.761406250901446811e+02
-1.762231405659617849e+02
-1.763689887235840388e+02
-1.765727676603489158e+02
-1.768267443854348926e+02
-1.771215156988716046e+02
-1.774467191578835354e+02
-1.777917629893063065e+02
-1.781464230307165053e+02
-1.785013434197583706e+02
-1.788483273625043637e+02
-1.791805211965779563e+02
-1.794924143435013377e+02
-1.797797872844610367e+02
-1.800395439174316436e+02
-1.802695520368396274e+02
-1.804684300326060509e+02
-1.806353771934395240e+02
-1.807699883536643881e+02
-1.808721217610006420e+02
-1.809417699273811593e+02
-1.809789782228064041e+02
-1.809837759704818723e+02
-1.809561443725073957e+02
-1.808960047811426364e+02
-1.808032332992601141e+02
-1.806777059719365752e+02
-1.805193622064402916e+02
-1.803283107557815299e+02
-1.801049463267167994e+02
-1.798501182912825698e+02
-1.795652967041734485e+02
-1.792527887890918805e+02
-1.789159232610309118e+02
-1.785592603420474234e+02
-1.781887150984899790e+02
-1.778116515052705324e+02
-1.774368152197998256e+02
-1.770741699201013262e+02
-1.767345155988198542e+02
-1.764289833071824773e+02
-1.761683401289631377e+02
-1.759622462636905880e+02
-1.758184762346995171e+02
-1.757422648680234545e+02
-1.757358334547786001e+02
-1.757981939792833828e+02
-1.759252589567807377e+02
-1.761102224661352409e+02
-1.763441859214530041e+02
-1.766168801531621568e+02
-1.769174535113554043e+02
-1.772351485734541257e+02
-1.775598990759067703e+02
-1.778827071326798546e+02
-1.781959058075746611e+02
-1.784932131305911298e+02
-1.787697193813067997e+02
-1.790217365246531926e+02
-1.792466461706763141e+02
-1.794426806037067195e+02
-1.796087449290727420e+02
-1.797442187769520103e+02
-1.798488131114805526e+02
-1.799224310353358760e+02
-1.799650792518896480e+02
-1.799767964579607451e+02
-1.799576207437891355e+02
-1.799075843323403774e+02
-1.798267355093329627e+02
-1.797151994663556707e+02
-1.795732559970500120e+02
-1.794014680398159385e+02
-1.792008150676460332e+02
-1.789728837374234161e+02
-1.787200413905245000e+02
-1.784456566387610792e+02
-1.781542601123561269e+02
-1.778517143664867319e+02
-1.775452554975526311e+02
-1.772434802612430360e+02
-1.769561300399860784e+02
-1.766937653166215227e+02
-1.764672113315128286e+02
-1.762869126909912154e+02
-1.761621483867178313e+02
-1.761002884752739419e+02
-1.761061125937349061e+02
-1.761813551567953198e+02
-1.763245064780956568e+02
-1.765309287357099208e+02
-1.767932636918700098e+02
-1.771020531409681951e+02
-1.774465124491945858e+02
-1.778152992379139334e+02
-1.781972526729952335e+02
-1.785819537858401702e+02
-1.789601624656318677e+02
-1.793240282815557407e+02
-1.796671954971284606e+02
-1.799847304897909908e+02
-1.802730116779221703e+02
-1.805295180202724339e+02
-1.807526405757703856e+02
-1.809414508551673748e+02
-1.810955228477501464e+02
-1.812147433128049556e+02
-1.812991807118241070e+02
-1.813489556627045545e+02
-1.813641616242029215e+02
-1.813447934995297430e+02
-1.812907146400231682e+02
-1.812016384790732957e+02
-1.810771388612550936e+02
-1.809166859298944132e+02
-1.807197054587686580e+02
-1.804856784760834216e+02
-1.802142624837568121e+02
-1.799054690762229711e+02
-1.795598581490388881e+02
-1.791787970697878052e+02
-1.787647164830889039e+02
-1.783214144814806446e+02
-1.778543043093811775e+02
-1.773706509825029514e+02
-1.768796552734479803e+02
-1.763924259340059564e+02
-1.759216894052622422e+02
-1.754813017590765298e+02
-1.750854657974243480e+02
-1.747477866424169974e+02
-1.744801820606078877e+02
-1.742918491098233744e+02
-1.741883950622560917e+02
-1.741713030243964511e+02
-1.742378184910125185e+02
-1.743812582004531180e+02
-1.745917250467589099e+02
-1.748570424889571484e+02
-1.751638415616333475e+02
-1.754985484013307939e+02
-1.758482733816506425e+02
-1.762014064195121819e+02
-1.765480322991244009e+02
-1.768800500287733826e+02
-1.771911754335695832e+02
-1.774767505648536883e+02
-1.777335359269125092e+02
-1.779594153831243943e+02
-1.781531507025337646e+02
-1.783141142909058203e+02
-1.784420938838539712e+02
-1.785371052635131264e+02
-1.785992708117886707e+02
-1.786287175951469237e+02
-1.786255249238162719e+02
-1.785896986684660419e+02
-1.785211790469831215e+02
-1.784198840482199557e+02
-1.782857740387831313e+02
-1.781189635373778799e+02
-1.779198430474123711e+02
-1.776892570881782945e+02
-1.774286757131415015e+02
-1.771404188274119349e+02
-1.768278409176592731e+02
-1.764955400364108584e+02
-1.761494687148587843e+02
-1.757970111165945184e+02
-1.754468859360933948e+02
-1.751089494138863643e+02
-1.747937742156177023e+02
-1.745121111099749101e+02
-1.742741719124562394e+02
-1.740888854382597515e+02
-1.739631459648744283e+02
-1.739012130219745700e+02
-1.739043173701018645e+02
-1.739705557720225784e+02
-1.740950938333801616e+02
-1.742706187426578310e+02
-1.744880152205355444e+02
-1.747370978469385818e+02
-1.750073834619137187e+02
-1.752887190316246802e+02
-1.755718195125516843e+02
-1.758485730925355597e+02
-1.761122393313298460e+02
-1.763574426237254045e+02
-1.765801147832583524e+02
-1.767773097020309763e+02
-1.769470314491621252e+02
-1.770880052831579405e+02
-1.771994996699201295e+02
-1.772811372741944638e+02
-1.773327664965675865e+02
-1.773543484112081785e+02
-1.773458973579215296e+02
-1.773074548758881690e+02
-1.772391048818399781e+02
-1.771410384806785316e+02
-1.770136464786700401e+02
-1.768576761113067732e+02
-1.766743968722827276e+02
-1.764658352023968746e+02
-1.762349840461665451e+02
-1.759860606172140365e+02
-1.757246752838557882e+02
-1.754579909201596308e+02
-1.751947001220921436e+02
-1.749449111750845134e+02
-1.747197686211898429e+02
-1.745309372598612185e+02
-1.743898310595783983e+02
-1.743067811169073309e+02
-1.742901169937254053e+02
-1.743453951321604336e+02
-1.744748041166176904e+02
-1.746769181118102097e+02
-1.749467928403928170e+02
-1.752764163043157168e+02
-1.756554335935950064e+02
-1.760720145722276015e+02
-1.765137738479427298e+02
-1.769685756984063119e+02
-1.774252120924561211e+02
-1.778738343638360675e+02
-1.783062223489692997e+02
-1.787158257825448402e+02
-1.790977100126533514e+02
-1.794483620629389691e+02
-1.797654850903638533e+02
-1.800477356026224811e+02
-1.802945013085257528e+02
-1.805056708973608579e+02
-1.806814606074535732e+02
-1.808222539187103735e+02
-1.809284922130474911e+02
-1.810005863756704798e+02
-1.810388656603429922e+02
-1.810435527444179513e+02
-1.810147627096808378e+02
-1.809525360677316712e+02
-1.808568857955838496e+02
-1.807278893429932793e+02
-1.805657872627716074e+02
-1.803711377624802026e+02
-1.801449674772086382e+02
-1.798889817661928987e+02
-1.796057486633860094e+02
-1.792989268308467388e+02
-1.789734213876938327e+02
-1.786355388165530655e+02
-1.782929995546035400e+02
-1.779548816481040774e+02
-1.776313530602287187e+02
-1.773332863844314033e+02
-1.770716545549727812e+02
-1.768568455930998766e+02
-1.766978721420559850e+02
-1.766016480600780483e+02
-1.765723708975759223e+02
-1.766111485262065059e+02
-1.767159044316281609e+02
-1.768815823880900098e+02
-1.771006309016059390e+02
-1.773636557901263018e+02
-1.776601968487115641e+02
-1.779794566692128797e+02
-1.783109830161935179e+02
-1.786451541338960283e+02
-1.789735465191108688e+02
-1.792890824328940198e+02
-1.795860888342542978e+02
-1.798601954388450395e+02
-1.801082106468244604e+02
-1.803279117359547854e+02
-1.805178652703397972e+02
-1.806772160877858937e+02
-1.808055295668044948e+02
-1.809026324997018094e+02
-1.809685067578014355e+02
-1.810031969015429354e+02
-1.810067601707509652e+02
-1.809792400191648483e+02
-1.809206696374480430e+02
-1.808311092391162447e+02
-1.807107023306095357e+02
-1.805597768048126284e+02
-1.803789540978234811e+02
-1.801693113547391931e+02
-1.799325348260136650e+02
-1.796711230301814908e+02
-1.793885491005105166e+02
-1.790894475428785881e+02
-1.787797057017971554e+02
-1.784665285085316384e+02
-1.781583391171918720e+02
-1.778645950575883319e+02
-1.775953954437437972e+02
-1.773609892373495143e+02
-1.771711132436004448e+02
-1.770343110641579187e+02
-1.769572315829676370e+02
-1.769440671802565817e+02
-1.769961639896827137e+02
-1.771118984340782845e+02
-1.772868254056473063e+02
-1.775140699824283672e+02
-1.777849246226000730e+02
-1.780895237278117804e+02
-1.784175626931276213e+02
-1.787589094569946155e+02
-1.791041360339494588e+02
-1.794448504271623790e+02
-1.797739231716990957e+02
-1.800855272585055218e+02
-1.803751181983176934e+02
-1.806392911212841170e+02
-1.808756370294455564e+02
-1.810825398963481518e+02
-1.812590106786119009e+02
-1.814045037550037591e+02
-1.815187831204551117e+02
-1.816017926076789877e+02
-1.816535720863739982e+02
-1.816741890530900605e+02
-1.816637056788573545e+02
-1.816221701682304115e+02
-1.815496325542395653e+02
-1.814461947167126823e+02
-1.813120750961575141e+02
-1.811477180443608006e+02
-1.809539071161536299e+02
-1.807319290868311441e+02
-1.804837240072712632e+02
-1.802120790127673047e+02
-1.799207743875649896e+02
-1.796147444500693098e+02
-1.793001355458846149e+02
-1.789843277143627915e+02
-1.786757905114941707e+02
-1.783838522326398106e+02
-1.781182728904558132e+02
-1.778887312597017285e+02
-1.777041721902122617e+02
-1.775721595541073725e+02
-1.774982449226803851e+02
-1.774854922301221052e+02
-1.775341924876879034e+02
-1.776418329386844732e+02
-1.778033248771014598e+02
-1.780114366334033491e+02
-1.782574028919513864e+02
-1.785315704753001569e+02
-1.788240696710810482e+02
-1.791253568220706143e+02
-1.794266795184122998e+02
-1.797203421909979113e+02
-1.799998836700011111e+02
-1.802600770709453286e+02
-1.804968890474275440e+02
-1.807073233833692711e+02
-1.808892776712005457e+02
-1.810413416677626230e+02
-1.811626413457798606e+02
-1.812526615172075424e+02
-1.813111233463171175e+02
-1.813378604839340937e+02
-1.813327451885144512e+02
-1.812956252121283001e+02
-1.812263009989127056e+02
-1.811245251436038757e+02
-1.809900332218203971e+02
-1.808226110669301363e+02
-1.806221864424609009e+02
-1.803889727108083321e+02
-1.801236283272563981e+02
-1.798274780371298220e+02
-1.795027297704752698e+02
-1.791527434678564816e+02
-1.787822486840088061e+02
-1.783975682960125084e+02
-1.780067078885543879e+02
-1.776193681508663360e+02
-1.772467236854767521e+02
-1.769010463620190023e+02
-1.765950522397245663e+02
-1.763411078693758043e+02
-1.761502669921888469e+02
-1.760313375809151353e+02
-1.759900391395373731e+02
-1.760284376839914273e+02
-1.761447206069261995e+02
-1.763333635049817758e+02
-1.765856705429812621e+02
-1.768905651170372266e+02
-1.772355570058318222e+02
-1.776076762736550450e+02
-1.779943477671001801e+02
-1.783840241977399899e+02
-1.787666558402700900e+02
-1.791338833036334677e+02
-1.794791035085514750e+02
-1.797973371871054553e+02
-1.800850607990132914e+02
-1.803399371069586437e+02
-1.805605813106234905e+02
-1.807462927032481730e+02
-1.808968521593681373e+02
-1.810123174387568952e+02
-1.810928844987562911e+02
-1.811387588562004396e+02
-1.811500798098216194e+02
-1.811268606005487243e+02
-1.810689668089688951e+02
-1.809761182713273229e+02
-1.808479187057570243e+02
-1.806839210695050610e+02
-1.804837145468327435e+02
-1.802470633902620136e+02
-1.799740625977937611e+02
-1.796653590032019281e+02
-1.793223764847600989e+02
-1.789476042957781772e+02
-1.785448532029299997e+02
-1.781195377746250870e+02
-1.776788506733556403e+02
-1.772318809109212907e+02
-1.767895162145862002e+02
-1.763641893755085448e+02
-1.759693299790065169e+02
-1.756186296595058707e+02
-1.753250706741540057e+02
-1.750999017992245399e+02
-1.749516239574645056e+02
-1.748851910070358997e+02
-1.749015257419405316e+02
-1.749974454100967307e+02
-1.751660211891551739e+02
-1.753972716544969330e+02
-1.756791286827599947e+02
-1.759984462956713571e+02
-1.763420088211897792e+02
-1.766973164354454013e+02
-1.770532088972533700e+02
-1.774001825672440589e+02
-1.777305541852657598e+02
-1.780383845269557810e+02
-1.783193421096547979e+02
-1.785704365159905933e+02
-1.787897768735060708e+02
-1.789762832854444525e+02
-1.791294643072744464e+02
-1.792491910834878581e+02
-1.793355422412573148e+02
-1.793886634692253210e+02
-1.794086848012975395e+02
-1.793956614367805003e+02
-1.793495559311762690e+02
-1.792702533143593655e+02
-1.791576044108647920e+02
-1.790115150086042206e+02
-1.788320534687011900e+02
-1.786196181503376010e+02
-1.783751113224707296e+02
-1.781001789717523991e+02
-1.777974314111379215e+02
-1.774707128628963915e+02
-1.771252977998859990e+02
-1.767680819806338093e+02
-1.764076129830154400e+02
-1.760540305480033965e+02
-1.757187565227801258e+02
-1.754140323222106304e+02
-1.751521931095226421e+02
-1.749448373929685090e+02
-1.748018770942367155e+02
-1.747306760658938174e+02
-1.747353358544122557e+02
-1.748162945887688693e+02
-1.749702784946848055e+02
-1.751906219997792675e+02
-1.754679159254696685e+02
-1.757908409959255209e+02
-1.761471153599437685e+02
-1.765243561636762024e+02
-1.769108486697411422e+02
-1.772960651815676840e+02
-1.776710253424561472e+02
-1.780284019285627721e+02
-1.783625224948649475e+02
-1.786692018063679939e+02
-1.789455559652344903e+02
-1.791897376616462338e+02
-1.794007125647067369e+02
-1.795780148787571022e+02
-1.797215650311301260e+02
-1.798314945280426969e+02
-1.799080291660964690e+02
-1.799513907545467930e+02
-1.799617436004224089e+02
-1.799391673888399055e+02
-1.798836608387823048e+02
-1.797951816356239760e+02
-1.796737065051814000e+02
-1.795193402487878984e+02
-1.793324355484955674e+02
-1.791137730393580512e+02
-1.788647375736528033e+02
-1.785875543492201132e+02
-1.782854897040158164e+02
-1.779630858612726172e+02
-1.776263006362077022e+02
-1.772826212133269905e+02
-1.769409991744302886e+02
-1.766116844798193881e+02
-1.763058156663121849e+02
-1.760348777975575842e+02
-1.758099476894011275e+02
-1.756408917884913592e+02
-1.755355245154210593e+02
-1.754989142214056130e+02
-1.755328903213934097e+02
-1.756358659992140758e+02
-1.758029943371092259e+02
-1.760266219511690906e+02
-1.762969964879276858e+02
-1.766030676355639173e+02
-1.769333384585627869e+02
-1.772765818095040231e+02
-1.776224528682656398e+02
-1.779618579769756082e+02
-1.782871938330547721e+02
-1.785923660917749771e+02
-1.788727396367133053e+02
-1.791249496292933259e+02
-1.793467178381121130e+02
-1.795366051105720828e+02
-1.796938136593008721e+02
-1.798179712858641608e+02
-1.799089782557708190e+02
-1.799668581817186066e+02
-1.799916650304236896e+02
-1.799834051710487586e+02
-1.799420028301997547e+02
-1.798672901011451302e+02
-1.797590288945282566e+02
-1.796169701508346748e+02
-1.794409365300913919e+02
-1.792309577191246603e+02
-1.789874211113028082e+02
-1.787112867216058305e+02
-1.784043005832110111e+02
-1.780692674838889218e+02
-1.777102816907078022e+02
-1.773329779373038377e+02
-1.769446643438434990e+02
-1.765543969313431774e+02
-1.761728350359368847e+02
-1.758119522114679114e+02
-1.754844663693777704e+02
-1.752031140874208575e+02
-1.749797181097723922e+02
-1.748242405890802047e+02
-1.747438694790561442e+02
-1.747423380664131116e+02
-1.748195483599234024e+02
-1.749715839076038151e+02
-1.751911104342915451e+02
-1.754680719184004545e+02
-1.757906116365803655e+02
-1.761460144162811048e+02
-1.765216282974189426e+02
-1.769055738833225746e+02
-1.772872972552147246e+02
-1.776578437543531948e+02
-1.780099912958729078e+02
-1.783381683718914701e+02
-1.786383187552972061e+02
-1.789076503917148955e+02
-1.791444079611632674e+02
-1.793476039310651515e+02
-1.795168102584059682e+02
-1.796519471066420977e+02
-1.797531364414614359e+02
-1.798205680140809477e+02
-1.798544183498813709e+02
-1.798547888935813148e+02
-1.798216819224064125e+02
-1.797550023029888564e+02
-1.796545846143364429e+02
-1.795202556365927364e+02
-1.793519131931844584e+02
-1.791496518211495754e+02
-1.789138956674330245e+02
-1.786455856131627229e+02
-1.783463568675652766e+02
-1.780187638805053894e+02
-1.776664609881609351e+02
-1.772943968031250677e+02
-1.769089043046218706e+02
-1.765177433508644071e+02
-1.761299665534008341e+02
-1.757556751254655012e+02
-1.754055602404194474e+02
-1.750903302543865152e+02
-1.748199867856629055e+02
-1.746030902798700311e+02
-1.744460544601369349e+02
-1.743526054756556505e+02
-1.743234713515677754e+02
-1.743563482605703143e+02
-1.744461699643126735e+02
-1.745855929920041660e+02
-1.747656810354621086e+02
-1.749766094596765811e+02
-1.752083933362092125e+02
-1.754514539743600494e+02
-1.756970981958682216e+02
-1.759377695924278555e+02
-1.761672074525432947e+02
-1.763804159701633409e+02
-1.765735968879604343e+02
-1.767439689484576775e+02
-1.768896082363007167e+02
-1.770092419713035099e+02
-1.771020938457623686e+02
-1.771677254297709965e+02
-1.772059341222048374e+02
-1.772166716073404871e+02
-1.772000093030489722e+02
-1.771561398777769512e+02
-1.770854104981080184e+02
-1.769884037167016118e+02
-1.768660314386978030e+02
-1.767196824110596367e+02
-1.765513568726857159e+02
-1.763638477297943155e+02
-1.761608686586984334e+02
-1.759472009242027468e+02
-1.757287298274942486e+02
-1.755124528682471805e+02
-1.753063175857889746e+02
-1.751189899055926276e+02
-1.749594287977052147e+02
-1.748364016284780007e+02
-1.747578669553925863e+02
-1.747303904210750147e+02
-1.747585753095184771e+02
-1.748446636129879721e+02
-1.749883060609851668e+02
-1.751865808261109976e+02
-1.754342327393064238e+02
-1.757241039932106332e+02
-1.760477030872260684e+02
-1.763958081754470015e+02
-1.767590730890140946e+02
-1.771285213099401972e+02
-1.774959555967752749e+02
-1.778541960084499181e+02
-1.781972281782909704e+02
-1.785202024614887364e+02
-1.788193881200910766e+02
-1.790920338526354385e+02
-1.793362321383188771e+02
-1.795507413718793828e+02
-1.797348407515481767e+02
-1.798881759343539386e+02
-1.800106459571731818e+02
-1.801022982605051936e+02
-1.801632603227899097e+02
-1.801936898534454485e+02
-1.801937518367113569e+02
-1.801636222569315180e+02
-1.801035091297871134e+02
-1.800137093602592984e+02
-1.798946733070780510e+02
-1.797471142212906159e+02
-1.795721139452481907e+02
-1.793712774794151983e+02
-1.791468647886111398e+02
-1.789019627337384009e+02
-1.786406007147594437e+02
-1.783678781613472211e+02
-1.780899857973248288e+02
-1.778141937500985534e+02
-1.775486808812587469e+02
-1.773022930305407385e+02
-1.770841251388623618e+02
-1.769030426391711046e+02
-1.767670875503855541e+02
-1.766829110472421291e+02
-1.766552295780348913e+02
-1.766864355771956525e+02
-1.767763770960973204e+02
-1.769223652718480935e+02
-1.771194008269567917e+02
-1.773605767922100256e+02
-1.776376246570740136e+02
-1.779414906010866559e+02
-1.782629274163327011e+02
-1.785929771366940315e+02
-1.789233828635026384e+02
-1.792468320377881810e+02
-1.795571202354339846e+02
-1.798491628560990989e+02
-1.801189676159773967e+02
-1.803635068568494830e+02
-1.805805964455568073e+02
-1.807687237749541680e+02
-1.809269113172329924e+02
-1.810545614962342427e+02
-1.811513463734252127e+02
-1.812170959840415492e+02
-1.812517280538067155e+02
-1.812551857670253241e+02
-1.812274082244140061e+02
-1.811683161993553313e+02
-1.810778215981547987e+02
-1.809558599411529372e+02
-1.808024388553922961e+02
-1.806177180116008856e+02
-1.804020973266220551e+02
-1.801563428445716397e+02
-1.798817092183844863e+02
-1.795800980665347879e+02
-1.792541913115600209e+02
-1.789076034048111978e+02
-1.785449715849274526e+02
-1.781720296668876813e+02
-1.777955713433495930e+02
-1.774233530967525496e+02
-1.770638492487221356e+02
-1.767259241831300187e+02
-1.764183693736306964e+02
-1.761493936484581582e+02
-1.759260685681159089e+02
-1.757538267828773257e+02
-1.756360554046472089e+02
-1.755738477886295641e+02
-1.755659566357538210e+02
-1.756089294842584536e+02
-1.756974452943239555e+02
-1.758247467226147194e+02
-1.759831785639487975e+02
-1.761646846182145794e+02
-1.763613025067776903e+02
-1.765655175961746579e+02
-1.767705619841906071e+02
-1.769705495398904134e+02
-1.771605647880998333e+02
-1.773366220979029038e+02
-1.774956155776773130e+02
-1.776351915057498729e+02
-1.777536442053338135e+02
-1.778497791084230926e+02
-1.779228152745482419e+02
-1.779722851310269789e+02
-1.779979741888527940e+02
-1.779998774549151790e+02
-1.779781869668665593e+02
-1.779333096434066874e+02
-1.778659027835442998e+02
-1.777769489884801146e+02
-1.776678310215646093e+02
-1.775404487605103725e+02
-1.773973110578041030e+02
-1.772416610633606240e+02
-1.770775400528071657e+02
-1.769098616418951337e+02
-1.767443794492606060e+02
-1.765876329249924765e+02
-1.764467485557589157e+02
-1.763291995455313952e+02
-1.762424199137324479e+02
-1.761934010962968387e+02
-1.761882031144762095e+02
-1.762315265576038996e+02
-1.763263111433226413e+02
-1.764734885499501615e+02
-1.766718633646532908e+02
-1.769181880509460711e+02
-1.772073891089757751e+02
-1.775329315283496214e+02
-1.778872708842219197e+02
-1.782623272035789341e+02
-1.786499515431579539e+02
-1.790423111258155870e+02
-1.794322075764008844e+02
-1.798132706396823437e+02
-1.801800819096056898e+02
-1.805281875009239059e+02
-1.808540718291448002e+02
-1.811550596489478266e+02
-1.814292147431652893e+02
-1.816752049059446961e+02
-1.818921865317454092e+02
-1.820796815744261039e+02
-1.822374817170728534e+02
-1.823655600649034625e+02
-1.824640081905652664e+02
-1.825329886236446555e+02
-1.825727059230518705e+02
-1.825833995287130165e+02
-1.825653468843254927e+02
-1.825188946287315161e+02
-1.824444920742565728e+02
-1.823427580824701124e+02
-1.822145418223673801e+02
-1.820610198633210643e+02
-1.818837751295835119e+02
-1.816849091202343800e+02
-1.814671172436095503e+02
-1.812337844147703549e+02
-1.809890168714344156e+02
-1.807376710772808224e+02
-1.804852887069027076e+02
-1.802380038908554525e+02
-1.800023384300075122e+02
-1.797849610551152750e+02
-1.795923502834031069e+02
-1.794304490064615152e+02
-1.793042848263198721e+02
-1.792176417426089188e+02
-1.791727877914624969e+02
-1.791703138122821031e+02
-1.792090962457970988e+02
-1.792863832600315277e+02
-1.793980116790730222e+02
-1.795386934511791992e+02
-1.797023829612198824e+02
-1.798826250507772784e+02
-1.800729184147342039e+02
-1.802669877980972046e+02
-1.804590326627752290e+02
-1.806438566309966234e+02
-1.808169725325481636e+02
-1.809745995281215016e+02
-1.811136572054192015e+02
-1.812316815789330917e+02
-1.813267616458695102e+02
-1.813974277367126433e+02
-1.814425756628505724e+02
-1.814613647745325693e+02
-1.814531567524609841e+02
-1.814174435654702222e+02
-1.813538137235732393e+02
-1.812619190366501698e+02
-1.811414740717057725e+02
-1.809922662706680967e+02
-1.808141923622056879e+02
-1.806073155094591982e+02
-1.803719414666066427e+02
-1.801087236666010654e+02
-1.798187767229923395e+02
-1.795038207041151566e+02
-1.791663143134136362e+02
-1.788096073868660483e+02
-1.784380481158486305e+02
-1.780570794829431804e+02
-1.776732419144984760e+02
-1.772941218742813589e+02
-1.769281599628616277e+02
-1.765843737435965295e+02
-1.762719322546642786e+02
-1.759996647263039335e+02
-1.757754879907777763e+02
-1.756058583801716395e+02
-1.754952770721718878e+02
-1.754459380959346504e+02
-1.754575593438499936e+02
-1.755274147784845979e+02
-1.756505834415214622e+02
-1.758203421047860218e+02
-1.760286964993498202e+02
-1.762669194019103713e+02
-1.765261083311323205e+02
-1.767976268270393518e+02
-1.770734891292832174e+02
-1.773465795801984655e+02
-1.776108079971435814e+02
-1.778611197753463102e+02
-1.780934767939794767e+02
-1.783047423963865015e+02
-1.784925767534104182e+02
-1.786552828535171500e+02
-1.787916872002338664e+02
-1.789010023627004102e+02
-1.789827313260720416e+02
-1.790365718129189077e+02
-1.790623582298509575e+02
-1.790600142946785809e+02
-1.790295346987788605e+02
-1.789709858237947913e+02
-1.788845256597880962e+02
-1.787704509256020060e+02
-1.786292536623948592e+02
-1.784617116551355593e+02
-1.782689763122035345e+02
-1.780526962106449957e+02
-1.778151199676084673e+02
-1.775592261651760850e+02
-1.772888037641954213e+02
-1.770085368921688769e+02
-1.767240013857038150e+02
-1.764416327275013998e+02
-1.761685693515263438e+02
-1.759124428244535068e+02
-1.756810360779892619e+02
-1.754819009165678949e+02
-1.753218934099389799e+02
-1.752067326133816323e+02
-1.751405809772037685e+02
-1.751257381980167906e+02
-1.751624625417721575e+02
-1.752489572584997859e+02
-1.753815253661141753e+02
-1.755548543978495957e+02
-1.757624222164508296e+02
-1.759969309259616637e+02
-1.762507714683675317e+02
-1.765164111521904999e+02
-1.767867451085706705e+02
-1.770553177137311991e+02
-1.773164917781616623e+02
-1.775654926342774900e+02
-1.777984222937926120e+02
-1.780121841834413488e+02
-1.782044101485590772e+02
-1.783733377598281891e+02
-1.785177123528187053e+02
-1.786366692246166394e+02
-1.787296493450815262e+02
-1.787963138676778385e+02
-1.788364904967860980e+02
-1.788501303602796213e+02
-1.788372892502155480e+02
-1.787981280194292708e+02
-1.787329279542165352e+02
-1.786421322639027096e+02
-1.785263921864858219e+02
-1.783866437177192097e+02
-1.782241762266190506e+02
-1.780407313493335550e+02
-1.778385758515709085e+02
-1.776205959516902055e+02
-1.773903406338408786e+02
-1.771520679817095072e+02
-1.769107113292868121e+02
-1.766718256060038925e+02
-1.764414315410611493e+02
-1.762258275421815767e+02
-1.760313041024836025e+02
-1.758638416519116561e+02
-1.757287564882429649e+02
-1.756303794632654274e+02
-1.755717604082891228e+02
-1.755544641582831105e+02
-1.755784643748437475e+02
-1.756421554641831904e+02
-1.757424863525130263e+02
-1.758751797782148856e+02
-1.760350404016024299e+02
-1.762162734776906916e+02
-1.764128322930418449e+02
-1.766187028519941862e+02
-1.768281719434567947e+02
-1.770359942918468050e+02
-1.772375313528715708e+02
-1.774287910400759927e+02
-1.776064523543546727e+02
-1.777678163360882593e+02
-1.779107628705456250e+02
-1.780336632417244971e+02
-1.781353149924267996e+02
-1.782148570837937598e+02
-1.782717129064127164e+02
-1.783055317881619999e+02
-1.783161562676468463e+02
-1.783036003423357840e+02
-1.782680467067694394e+02
-1.782098640243063130e+02
-1.781296335150267396e+02
-1.780282017351524360e+02
-1.779067300470067892e+02
-1.777667718409013276e+02
-1.776103296110184147e+02
-1.774399343804136606e+02
-1.772586821786428004e+02
-1.770702791372808633e+02
-1.768790174468020098e+02
-1.766897416047486331e+02
-1.765077236236547833e+02
-1.763385172175607636e+02
-1.761877198587420423e+02
-1.760607228466232925e+02
-1.759624031494028316e+02
-1.758968414096797517e+02
-1.758670442276860229e+02
-1.758747440284546428e+02
-1.759202692797941836e+02
-1.760025216050494521e+02
-1.761190545512139352e+02
-1.762662406254780194e+02
-1.764395212974021376e+02
-1.766336845735180532e+02
-1.768431765575094232e+02
-1.770623725380000053e+02
-1.772858380715226758e+02
-1.775085073903388775e+02
-1.777258345920910472e+02
-1.779338556576474559e+02
-1.781292312932296511e+02
-1.783092187210073405e+02
-1.784716427181998597e+02
-1.786148223986785126e+02
-1.787375129024889588e+02
-1.788388273101185462e+02
-1.789181807592897258e+02
-1.789752333583005282e+02
-1.790098549380485622e+02
-1.790221015585761677e+02
-1.790122079760338920e+02
-1.789806013188277802e+02
-1.789279210589687921e+02
-1.788550662368772919e+02
-1.787632361956890463e+02
-1.786539997964220277e+02
-1.785293412310215331e+02
-1.783917290467479688e+02
-1.782441400274809098e+02
-1.780900939097427340e+02
-1.779336190213666953e+02
-1.777792132521516066e+02
-1.776317182349574750e+02
-1.774961805158764037e+02
-1.773776277102980714e+02
-1.772808426033871569e+02
-1.772100851012027931e+02
-1.771688458424244175e+02
-1.771596052123213383e+02
-1.771836667932611817e+02
-1.772410533102721502e+02
-1.773304985212179758e+02
-1.774495278328146526e+02
-1.775946144222538692e+02
-1.777614077177124443e+02
-1.779449822146315228e+02
-1.781401175399849990e+02
-1.783415381860356206e+02
-1.785441483883084857e+02
-1.787431887999124456e+02
-1.789343745945624562e+02
-1.791139482042403586e+02
-1.792787212792291314e+02
-1.794260452473743896e+02
-1.795537880558067911e+02
-1.796602619091191855e+02
-1.797441714357654803e+02
-1.798045337454834964e+02
-1.798406266498724904e+02
-1.798519249812238741e+02
-1.798380659917025071e+02
-1.797988153494648884e+02
-1.797340586576050043e+02
-1.796438039267002296e+02
-1.795282035739703304e+02
-1.793875962666610349e+02
-1.792225602988886806e+02
-1.790339931962063247e+02
-1.788231910451520434e+02
-1.785919547655947497e+02
-1.783426777532007748e+02
-1.780784509577899826e+02
-1.778031209616521267e+02
-1.775213444604861195e+02
-1.772385604025170664e+02
-1.769609308023285053e+02
-1.766951704691334157e+02
-1.764483290011397685e+02
-1.762274635435459231e+02
-1.760392828462383079e+02
-1.758897338428888588e+02
-1.757836215071909294e+02
-1.757242631689694292e+02
-1.757132524414818420e+02
-1.757503432974988300e+02
-1.758334766860053548e+02
-1.759589528952582498e+02
-1.761217059875108646e+02
-1.763156770008326077e+02
-1.765341971172691728e+02
-1.767703931654706935e+02
-1.770175168458098653e+02
-1.772692416310386818e+02
-1.775198440343205277e+02
-1.777643417417277476e+02
-1.779985245579545108e+02
-1.782189613890291469e+02
-1.784229337897817231e+02
-1.786083715001515770e+02
-1.787737505290956506e+02
-1.789180108214693803e+02
-1.790404641675366122e+02
-1.791407270438595276e+02
-1.792186620183721004e+02
-1.792743400888074348e+02
-1.793080233136419110e+02
-1.793201589197750536e+02
-1.793114011764936606e+02
-1.792826322074820098e+02
-1.792350143218797029e+02
-1.791700260488584604e+02
-1.790895283964133284e+02
-1.789957963875321525e+02
-1.788915734812342464e+02
-1.787800698432546653e+02
-1.786649711681776012e+02
-1.785503712635191960e+02
-1.784407034191023911e+02
-1.783405858725829489e+02
-1.782546651366849915e+02
-1.781873857490604678e+02
-1.781427758022507533e+02
-1.781241980500436739e+02
-1.781341507205314088e+02
-1.781740878126529708e+02
-1.782443207709164312e+02
-1.783439828954083168e+02
-1.784710801753488170e+02
-1.786226152050885787e+02
-1.787947660531016538e+02
-1.789831154383876708e+02
-1.791828812008476746e+02
-1.793891612742355619e+02
-1.795971309610636979e+02
-1.798022296132259328e+02
-1.800002739074444378e+02
-1.801875556516650079e+02
-1.803608658416503374e+02
-1.805175135551691312e+02
-1.806552861581430420e+02
-1.807724192468634783e+02
-1.808675274103940183e+02
-1.809395560347350056e+02
-1.809877116374727279e+02
-1.810114183668711405e+02
-1.810102666273304237e+02
-1.809839878735446064e+02
-1.809324326522201432e+02
-1.808555708241013349e+02
-1.807535048023496529e+02
-1.806264990442263070e+02
-1.804750305250704514e+02
-1.802998474083506153e+02
-1.801020535584999891e+02
-1.798831883779571683e+02
-1.796453308850955182e+02
-1.793911786784583171e+02
-1.791241388521187616e+02
-1.788483639046140183e+02
-1.785687765953520341e+02
-1.782910059517844843e+02
-1.780212862336863680e+02
-1.777662460361895000e+02
-1.775326519482314040e+02
-1.773270576942012440e+02
-1.771554377582658333e+02
-1.770227914305990851e+02
-1.769327982046042678e+02
-1.768875377023036890e+02
-1.768873264821890245e+02
-1.769306907615075772e+02
-1.770144684728706466e+02
-1.771340515100202992e+02
-1.772836969570613235e+02
-1.774569231917290892e+02
-1.776468796485484631e+02
-1.778467288509914397e+02
-1.780499278995269492e+02
-1.782504816091889381e+02
-1.784430685924088209e+02
-1.786231395175285570e+02
-1.787869037226711839e+02
-1.789313120363413816e+02
-1.790539607476168555e+02
-1.791530175303736598e+02
-1.792271005715148533e+02
-1.792751951012557470e+02
-1.792965465101926839e+02
-1.792905956392590099e+02
-1.792569070987465523e+02
-1.791951362614482264e+02
-1.791050025546159645e+02
-1.789862953213489050e+02
-1.788388983002536747e+02
-1.786628399730217893e+02
-1.784583748248219592e+02
-1.782260821843568976e+02
-1.779670053403129657e+02
-1.776827938074056021e+02
-1.773758850180167315e+02
-1.770496605848612717e+02
-1.767086209060367423e+02
-1.763584843657396561e+02
-1.760062590412259453e+02
-1.756601724181128361e+02
-1.753295176485492277e+02
-1.750243073213645744e+02
-1.747548224503750305e+02
-1.745309899213273752e+02
-1.743617209106562598e+02
-1.742542076314074961e+02
-1.742133292560000939e+02
-1.742412046737902642e+02
-1.743369913339454058e+02
-1.744969493335341610e+02
-1.747147575682426464e+02
-1.749820529873955763e+02
-1.752890780083385209e+02
-1.756253988079741646e+02
-1.759805456498351361e+02
-1.763445879552673716e+02
-1.767085224954690830e+02
-1.770645534292933689e+02
-1.774061834394969139e+02
-1.777282317627899317e+02
-1.780267216979220279e+02
-1.782987538690156555e+02
-1.785423126950444725e+02
-1.787561013678772781e+02
-1.789393549200159157e+02
-1.790916986973856240e+02
-1.792130089608057233e+02
-1.793033175541662843e+02
-1.793627304939968781e+02
-1.793913809027636148e+02
-1.793894033789524372e+02
-1.793569313773363660e+02
-1.792941236467092949e+02
-1.792012036202160061e+02
-1.790785359622881003e+02
-1.789267065388413585e+02
-1.787466460661200358e+02
-1.785397438633832792e+02
-1.783080046533440282e+02
-1.780541727916536274e+02
-1.777818845715459304e+02
-1.774957507409459083e+02
-1.772014337509183974e+02
-1.769056075567246751e+02
-1.766158700633453975e+02
-1.763404999862489149e+02
-1.760881451793016765e+02
-1.758673651678558656e+02
-1.756861402491945228e+02
-1.755513203171347527e+02
-1.754681375264517271e+02
-1.754397950272772277e+02
-1.754672243184601541e+02
-1.755490250403034338e+02
-1.756816000948966803e+02
-1.758594767183028011e+02
-1.760757398347477363e+02
-1.763225605749541671e+02
-1.765917012011873055e+02
-1.768750079402290396e+02
-1.771647785413711347e+02
-1.774540639050362074e+02
-1.777368177816945547e+02
-1.780079875796488125e+02
-1.782634845997891944e+02
-1.785001324055951955e+02
-1.787155441813073082e+02
-1.789080128645497041e+02
-1.790763723798334013e+02
-1.792198896119004132e+02
-1.793381550754702403e+02
-1.794310063788079788e+02
-1.794984666768951911e+02
-1.795407086833559447e+02
-1.795580437873707353e+02
-1.795509253321137066e+02
-1.795199842236417282e+02
-1.794660655276183547e+02
-1.793903014989501798e+02
-1.792941698964306738e+02
-1.791795877112189714e+02
-1.790489698571020654e+02
-1.789053142868654049e+02
-1.787522256301549817e+02
-1.785939479405074337e+02
-1.784353079947586593e+02
-1.782816480516359547e+02
-1.781386513303733352e+02
-1.780121499761619646e+02
-1.779078356802930045e+02
-1.778309736650969626e+02
-1.777860681032781827e+02
-1.777765795862231641e+02
-1.778046685321544089e+02
-1.778710420088332285e+02
-1.779748887924139353e+02
-1.781139332292315487e+02
-1.782845921955755273e+02
-1.784822111361650627e+02
-1.787013682110231230e+02
-1.789361830166404559e+02
-1.791806396308612648e+02
-1.794288475128423670e+02
-1.796752789610273737e+02
-1.799149126009808413e+02
-1.801433477454086471e+02
-1.803568277758467957e+02
-1.805522505531095305e+02
-1.807271102861386964e+02
-1.808794479505539243e+02
-1.810077585440812982e+02
-1.811109225644983098e+02
-1.811881148177640739e+02
-1.812387435935428357e+02
-1.812623813518993074e+02
-1.812587252099743864e+02
-1.812275585826023132e+02
-1.811687382019493668e+02
-1.810821900787859988e+02
-1.809679249299754815e+02
-1.808260695074680484e+02
-1.806569107832984287e+02
-1.804609618086792011e+02
-1.802390319381270558e+02
-1.799923208675715784e+02
-1.797225044755344641e+02
-1.794318392936814917e+02
-1.791232382139718595e+02
-1.788003498431595517e+02
-1.784675811139639166e+02
-1.781300984995692147e+02
-1.777937440784319278e+02
-1.774649070224638479e+02
-1.771502975433490974e+02
-1.768566742230973148e+02
-1.765904989432004015e+02
-1.763575799173520977e+02
-1.761627113173933594e+02
-1.760093642540489896e+02
-1.758994613874783681e+02
-1.758332550071394849e+02
