1.000000 0.000000 0.000000
0.000000 1.000000 0.000000
0.000000 0.000000 1.000000
1.500000 0.500000 -1.500000
1.500000 2.500000 1.500000
3.000000 -1.000000 2.000000
6.000000 2.000000 2.000000 Pt
4.000000 -0.000000 2.000000 W
1.500000 1.500000 0.500000 Pt
2.000000 2.000000 1.000000 Pt
1.000000 0.000000 0.000000 W
1.500000 0.500000 0.500000 W
2.000000 1.000000 1.000000 Pt
2.500000 1.500000 1.500000 Pt
3.000000 2.000000 2.000000 Pt
2.000000 -0.000000 1.000000 W
2.500000 0.500000 1.500000 W
3.000000 1.000000 2.000000 W
3.500000 1.500000 2.500000 Pt
2.500000 -0.500000 1.500000 W
3.000000 0.000000 2.000000 W
3.500000 0.500000 2.500000 Pt
4.000000 1.000000 3.000000 W
5.000000 1.000000 2.000000 Pt
2.500000 2.500000 0.500000 Pt
1.500000 0.500000 -0.500000 W
2.000000 1.000000 0.000000 W
2.500000 1.500000 0.500000 W
3.000000 2.000000 1.000000 W
2.000000 0.000000 0.000000 W
2.500000 0.500000 0.500000 Pt
3.000000 1.000000 1.000000 W
3.500000 1.500000 1.500000 Pt
4.000000 2.000000 2.000000 W
3.000000 -0.000000 1.000000 Pt
3.500000 0.500000 1.500000 Pt
4.000000 1.000000 2.000000 Pt
4.500000 1.500000 2.500000 Pt
3.500000 -0.500000 1.500000 W
2.000000 1.000000 -1.000000 Pt
2.500000 1.500000 -0.500000 W
3.000000 2.000000 -0.000000 W
3.500000 2.500000 0.500000 Pt
2.500000 0.500000 -0.500000 W
3.000000 1.000000 -0.000000 W
3.500000 1.500000 0.500000 Pt
4.000000 2.000000 1.000000 Pt
3.000000 -0.000000 0.000000 Pt
3.500000 0.500000 0.500000 W
4.000000 1.000000 1.000000 Pt
4.500000 1.500000 1.500000 Pt
5.000000 2.000000 2.000000 W
4.000000 -0.000000 1.000000 W
4.500000 0.500000 1.500000 Pt
