-2.922901994187171226e+02
-2.922831652574595296e+02
-2.922623967340603599e+02
-2.922283241314666498e+02
-2.921814600091495890e+02
-2.921223912004944054e+02
-2.920517712787749360e+02
-2.919703100294482851e+02
-2.918787627930709050e+02
-2.917779174723165170e+02
-2.916685804035364526e+02
-2.915515613446601719e+02
-2.914276567536875859e+02
-2.912976339604049372e+02
-2.911622130984081878e+02
-2.910220526567157435e+02
-2.908777322235322345e+02
-2.907297419358828279e+02
-2.905784676408415521e+02
-2.904241868208744677e+02
-2.902670591863333129e+02
-2.901071292406413136e+02
-2.899443228102994681e+02
-2.897784578479697188e+02
-2.896092465175752864e+02
-2.894363127630445547e+02
-2.892591989545686033e+02
-2.890773884238557230e+02
-2.888903146960589083e+02
-2.886973868355750028e+02
-2.884979993727126271e+02
-2.882915583532093819e+02
-2.880774905313112413e+02
-2.878552688643879378e+02
-2.876244205612454152e+02
-2.873845514083951116e+02
-2.871353528437660430e+02
-2.868766254485984177e+02
-2.866082860138556612e+02
-2.863303907570962110e+02
-2.860431423456721518e+02
-2.857469139381469176e+02
-2.854422579398130893e+02
-2.851299281673006476e+02
-2.848108892844543902e+02
-2.844863369581447614e+02
-2.841577050639758681e+02
-2.838266792534146248e+02
-2.834951973859175496e+02
-2.831654511754322243e+02
-2.828398731760896112e+02
-2.825211197414503204e+02
-2.822120374874178310e+02
-2.819156214533968523e+02
-2.816349562752898805e+02
-2.813731474822761243e+02
-2.811332382413409050e+02
-2.809181186472754916e+02
-2.807304270616039048e+02
-2.805724520831407744e+02
-2.804460367404749945e+02
-2.803524949632322887e+02
-2.802925415399697044e+02
-2.802662465447713771e+02
-2.802730116144957719e+02
-2.803115776741520335e+02
-2.803800561946759444e+02
-2.804759917616367488e+02
-2.805964403783119678e+02
-2.807380714552350014e+02
-2.808972723258779070e+02
-2.810702647426359135e+02
-2.812532091361634343e+02
-2.814423101453039635e+02
-2.816338995467093582e+02
-2.818245132986202179e+02
-2.820109424825486713e+02
-2.821902768214448542e+02
-2.823599237317581583e+02
-2.825176223253266699e+02
-2.826614391996481004e+02
-2.827897634581391344e+02
-2.829012901283744554e+02
-2.829950063932530497e+02
-2.830701737128360946e+02
-2.831263140814125450e+02
-2.831631978161655070e+02
-2.831808352024372653e+02
-2.831794732023003576e+02
-2.831595938697994370e+02
-2.831219194920917630e+02
-2.830674150950700891e+02
-2.829972974769841585e+02
-2.829130360505893691e+02
-2.828163579818954076e+02
-2.827092389010632587e+02
-2.825938945776537707e+02
-2.824727523154514870e+02
-2.823484202465491535e+02
-2.822236331636557907e+02
-2.821011949214833407e+02
-2.819838986306183415e+02
-2.818744469121072598e+02
-2.817753569703004359e+02
-2.816888721482103506e+02
-2.816168714975910916e+02
-2.815607948192893559e+02
-2.815215800692942025e+02
-2.814996232851058267e+02
-2.814947620885620267e+02
-2.815062825606717638e+02
-2.815329535584717178e+02
-2.815730780695990916e+02
-2.816245679728166351e+02
-2.816850232258909159e+02
-2.817518262942499518e+02
-2.818222267202870626e+02
-2.818934324713269461e+02
-2.819626807030400641e+02
-2.820273100646351736e+02
-2.820848068579177834e+02
-2.821328518303505462e+02
-2.821693410412198091e+02
-2.821924094855082785e+02
-2.822004330158418384e+02
-2.821920361123862904e+02
-2.821660841897619889e+02
-2.821216846565703804e+02
-2.820581784989406060e+02
-2.819751425568566674e+02
-2.818723875667875518e+02
-2.817499668087656346e+02
-2.816081846574970200e+02
-2.814476137330634629e+02
-2.812691146815425896e+02
-2.810738591460848284e+02
-2.808633567132986855e+02
-2.806394791389238890e+02
-2.804044835340022814e+02
-2.801610256462044504e+02
-2.799121668394170115e+02
-2.796613594425363090e+02
-2.794124201233406666e+02
-2.791694716527234732e+02
-2.789368679281834602e+02
-2.787190835185595574e+02
-2.785205871208568169e+02
-2.783456860705298936e+02
-2.781983658451875954e+02
-2.780821187048391039e+02
-2.779997874149815971e+02
-2.779534244422322899e+02
-2.779441884258327491e+02
-2.779722798939949939e+02
-2.780369271528968511e+02
-2.781364229964130459e+02
-2.782682063435514124e+02
-2.784289879104486545e+02
-2.786148997517577754e+02
-2.788216686476144446e+02
-2.790447855302406310e+02
-2.792796762029048523e+02
-2.795218452993953520e+02
-2.797670060971904036e+02
-2.800111730602791908e+02
-2.802507357056436490e+02
-2.804824971951009616e+02
-2.807036974570656298e+02
-2.809120112290784164e+02
-2.811055379205647000e+02
-2.812827781959757658e+02
-2.814426091050687546e+02
-2.815842569889209699e+02
-2.817072726988847080e+02
-2.818115126153984988e+02
-2.818971220093913530e+02
-2.819645289665118071e+02
-2.820144378162624434e+02
-2.820478351514391306e+02
-2.820659890044235567e+02
-2.820704597838206951e+02
-2.820630969383266802e+02
-2.820460440530329720e+02
-2.820217206056104828e+02
-2.819928085892694867e+02
-2.819622079321247270e+02
-2.819329935527287603e+02
-2.819083380807291519e+02
-2.818914364011271232e+02
-2.818853994985310578e+02
-2.818931568646254391e+02
-2.819173382387787683e+02
-2.819601762966727279e+02
-2.820234054965603150e+02
-2.821081932840131117e+02
-2.822150845238434727e+02
-2.823439850169258989e+02
-2.824941676950063538e+02
-2.826643153102914994e+02
-2.828525839803517101e+02
-2.830566922014561442e+02
-2.832740208281384184e+02
-2.835017205777559184e+02
-2.837368193700363577e+02
-2.839763214957322361e+02
-2.842172972789660435e+02
-2.844569557527630081e+02
-2.846927039695482335e+02
-2.849221871875426473e+02
-2.851433174689404950e+02
-2.853542872144090552e+02
-2.855535731755671804e+02
-2.857399337271965578e+02
-2.859123994536748796e+02
-2.860702628761130768e+02
-2.862130641480051736e+02
-2.863405813502364481e+02
-2.864528164606499558e+02
-2.865499893376326668e+02
-2.866325259563112127e+02
-2.867010562226213324e+02
-2.867564028678494310e+02
-2.867995803240715986e+02
-2.868317809960516911e+02
-2.868543704359718731e+02
-2.868688665504267874e+02
-2.868769263449491973e+02
-2.868803138972510283e+02
-2.868808750932168437e+02
-2.868804928713696540e+02
-2.868810494608499653e+02
-2.868843709573510523e+02
-2.868921811889746323e+02
-2.869060426835284829e+02
-2.869273100909276195e+02
-2.869570781030283229e+02
-2.869961453272840117e+02
-2.870449803751977811e+02
-2.871037057518395841e+02
-2.871720899259704538e+02
-2.872495563426008403e+02
-2.873352030469567922e+02
-2.874278349521546261e+02
-2.875260059866708389e+02
-2.876280664172700199e+02
-2.877322173118297997e+02
-2.878365623953098407e+02
-2.879391631824063325e+02
-2.880380852405399992e+02
-2.881314455174245381e+02
-2.882174464883348151e+02
-2.882944107929161532e+02
-2.883608020178126594e+02
-2.884152462956054137e+02
-2.884565417584486227e+02
-2.884836701519657254e+02
-2.884957993412789961e+02
-2.884922893567920710e+02
-2.884726926189588312e+02
-2.884367587567693363e+02
-2.883844366637000007e+02
-2.883158809828564131e+02
-2.882314583711573164e+02
-2.881317564704906999e+02
-2.880175943279274975e+02
-2.878900325680604624e+02
-2.877503847632835914e+02
-2.876002238456450755e+02
-2.874413892250469189e+02
-2.872759829334558503e+02
-2.871063633104628821e+02
-2.869351227882800686e+02
-2.867650591102105864e+02
-2.865991275500273332e+02
-2.864403855007057018e+02
-2.862919162506061070e+02
-2.861567478572407026e+02
-2.860377564471913274e+02
-2.859375712962034299e+02
-2.858584746763648923e+02
-2.858023140096622114e+02
-2.857704229684120492e+02
-2.857635645017531374e+02
-2.857818951934303300e+02
-2.858249566047283565e+02
-2.858916941325729226e+02
-2.859804995423199330e+02
-2.860892788879895079e+02
-2.862155332299922179e+02
-2.863564560407116915e+02
-2.865090292759934982e+02
-2.866701254616966139e+02
-2.868365960130777239e+02
-2.870053568001671920e+02
-2.871734532489143135e+02
-2.873381187989747332e+02
-2.874968114104779033e+02
-2.876472441224666454e+02
-2.877873968289535469e+02
-2.879155249603477387e+02
-2.880301551066108345e+02
-2.881300803772725203e+02
-2.882143489570127031e+02
-2.882822546288247736e+02
-2.883333253736269057e+02
-2.883673144981639211e+02
-2.883841936843545000e+02
-2.883841472406474509e+02
-2.883675703310811400e+02
-2.883350661321691746e+02
-2.882874474219603940e+02
-2.882257331847822002e+02
-2.881511490004367033e+02
-2.880651185688713554e+02
-2.879692570153863471e+02
-2.878653513763161982e+02
-2.877553408121530651e+02
-2.876412818097481932e+02
-2.875253120501562876e+02
-2.874095989712437245e+02
-2.872962880615945664e+02
-2.871874392616851992e+02
-2.870849666525755310e+02
-2.869905735570074512e+02
-2.869056951186937567e+02
-2.868314457420549388e+02
-2.867685788639311113e+02
-2.867174602369075842e+02
-2.866780547076667744e+02
-2.866499327462062183e+02
-2.866322877464247085e+02
-2.866239734938008041e+02
-2.866235462144796884e+02
-2.866293236474618880e+02
-2.866394395556341124e+02
-2.866519104457742060e+02
-2.866646897056863281e+02
-2.866757289219877407e+02
-2.866830206574661020e+02
-2.866846473210894715e+02
-2.866788082988142037e+02
-2.866638530799957039e+02
-2.866382940327328583e+02
-2.866008259570119208e+02
-2.865503288133470505e+02
-2.864858785187244621e+02
-2.864067449899849294e+02
-2.863123990675076698e+02
-2.862025105986980407e+02
-2.860769553143105668e+02
-2.859358156073551527e+02
-2.857793888817084280e+02
-2.856081913994793808e+02
-2.854229668907584596e+02
-2.852246909646228232e+02
-2.850145763980315223e+02
-2.847940730104148201e+02
-2.845648638768407750e+02
-2.843288540802092257e+02
-2.840881515239971122e+02
-2.838450380132764508e+02
-2.836019302197807406e+02
-2.833613289099624239e+02
-2.831257603356170875e+02
-2.828977076073746844e+02
-2.826795376565218021e+02
-2.824734245615383088e+02
-2.822812773257265349e+02
-2.821046708479489098e+02
-2.819447921757807762e+02
-2.818023960646214618e+02
-2.816777849735730683e+02
-2.815708005147533868e+02
-2.814808432733741483e+02
-2.814069013106510511e+02
-2.813476052730392212e+02
-2.813012835142324093e+02
-2.812660382409328577e+02
-2.812398117244299556e+02
-2.812204661633294336e+02
-2.812058452637140817e+02
-2.811938437239001587e+02
-2.811824539344463005e+02
-2.811698177457517431e+02
-2.811542555845209108e+02
-2.811342996859414143e+02
-2.811087090928931502e+02
-2.810764880188651205e+02
-2.810368922499864084e+02
-2.809894393628056264e+02
-2.809339110506985548e+02
-2.808703588112940110e+02
-2.807991059819536872e+02
-2.807207501740335829e+02
-2.806361634115222614e+02
-2.805464883290782154e+02
-2.804531324735086741e+02
-2.803577520539053012e+02
-2.802622327234576005e+02
-2.801686541003093680e+02
-2.800792496630606934e+02
-2.799963476531997344e+02
-2.799223075230488007e+02
-2.798594384008293332e+02
-2.798099182747865257e+02
-2.797757012754531161e+02
-2.797584344165705943e+02
-2.797593740960595596e+02
-2.797793215207574917e+02
-2.798185711502587196e+02
-2.798768842796624767e+02
-2.799534847534062578e+02
-2.800470804499765336e+02
-2.801559080532156827e+02
-2.802777957123904571e+02
-2.804102441618865100e+02
-2.805505121359331611e+02
-2.806957110952088215e+02
-2.808428908111393412e+02
-2.809891258585856235e+02
-2.811315828440991140e+02
-2.812675843005735601e+02
-2.813946493718661941e+02
-2.815105306944803942e+02
-2.816132297667984972e+02
-2.817010110333318949e+02
-2.817723995479877885e+02
-2.818261808808335900e+02
-2.818613907452321996e+02
-2.818773098792984797e+02
-2.818734544811387082e+02
-2.818495733486142285e+02
-2.818056452822880260e+02
-2.817418823911525578e+02
-2.816587369662802303e+02
-2.815569118235945325e+02
-2.814373752471677221e+02
-2.813013747676940284e+02
-2.811504547430449747e+02
-2.809864663168814900e+02
-2.808115782411810528e+02
-2.806282720806016187e+02
-2.804393342035725141e+02
-2.802478249265824957e+02
-2.800570395981500837e+02
-2.798704428681489276e+02
-2.796915936683047335e+02
-2.795240447751277770e+02
-2.793712373063995642e+02
-2.792363795617093274e+02
-2.791223310893784628e+02
-2.790314873946741727e+02
-2.789656836817924273e+02
-2.789261171748670449e+02
-2.789132996942136060e+02
-2.789270416811765472e+02
-2.789664684446519232e+02
-2.790300707928839756e+02
-2.791157788414346896e+02
-2.792210625732689664e+02
-2.793430393779231053e+02
-2.794785946174715718e+02
-2.796244923792670534e+02
-2.797774866006869843e+02
-2.799344103959438144e+02
-2.800922585396579052e+02
-2.802482440394858827e+02
-2.803998465362919319e+02
-2.805448369055956164e+02
-2.806812967698368766e+02
-2.808076211445779791e+02
-2.809225188530816695e+02
-2.810250045417313913e+02
-2.811143908057218255e+02
-2.811902790134438419e+02
-2.812525508759836157e+02
-2.813013639068070688e+02
-2.813371457069338817e+02
-2.813605954066992467e+02
-2.813726798128031987e+02
-2.813746371788823808e+02
-2.813679706491171828e+02
-2.813544479880128506e+02
-2.813360840026934397e+02
-2.813151269252448401e+02
-2.812940213520001862e+02
-2.812753732980000336e+02
-2.812618870673754259e+02
-2.812563048928132048e+02
-2.812613188596997134e+02
-2.812794895429299231e+02
-2.813131441226677794e+02
-2.813642889811201826e+02
-2.814345143731497387e+02
-2.815249239470168732e+02
-2.816360701738440184e+02
-2.817679228616456157e+02
-2.819198544575003211e+02
-2.820906592185443174e+02
-2.822785929339896711e+02
-2.824814390424452313e+02
-2.826965901919740531e+02
-2.829211428911592066e+02
-2.831519976666220373e+02
-2.833859572027228069e+02
-2.836198209734512261e+02
-2.838504654380819829e+02
-2.840749153947922423e+02
-2.842903954737882373e+02
-2.844943717682482998e+02
-2.846845739974447724e+02
-2.848590104088135604e+02
-2.850159677258722013e+02
-2.851540077307504362e+02
-2.852719551231197102e+02
-2.853688860636922868e+02
-2.854441132110587205e+02
-2.854971742552233991e+02
-2.855278219136653206e+02
-2.855360180140785928e+02
-2.855219324646934638e+02
-2.854859452252688357e+02
-2.854286553574963818e+02
-2.853508902152937594e+02
-2.852537218426823529e+02
-2.851384791079683509e+02
-2.850067655271329841e+02
-2.848604668072192680e+02
-2.847017604376857207e+02
-2.845331078242825242e+02
-2.843572443043323688e+02
-2.841771451348892015e+02
-2.839959847439290570e+02
-2.838170693337989974e+02
-2.836437611236340217e+02
-2.834793793927998422e+02
-2.833270975721635523e+02
-2.831898272212051779e+02
-2.830701084767658813e+02
-2.829700045633372838e+02
-2.828910152860362928e+02
-2.828340123723692159e+02
-2.827992027977341536e+02
-2.827861264034325472e+02
-2.827936815949949505e+02
-2.828201865415630891e+02
-2.828634579396730828e+02
-2.829209173917841440e+02
-2.829896976715822348e+02
-2.830667636443521360e+02
-2.831490165352756208e+02
-2.832334005459637751e+02
-2.833169825687430148e+02
-2.833970281765208483e+02
-2.834710475214822054e+02
-2.835368380500900685e+02
-2.835925011392286592e+02
-2.836364587077707711e+02
-2.836674520123584102e+02
-2.836845444120312436e+02
-2.836871154949329821e+02
-2.836748608566873600e+02
-2.836477912543929847e+02
-2.836062363450720909e+02
-2.835508525786052019e+02
-2.834826312151826642e+02
-2.834029114869989598e+02
-2.833133856409954205e+02
-2.832161071276830171e+02
-2.831134787185808364e+02
-2.830082394034519666e+02
-2.829034207606260907e+02
-2.828022953441141567e+02
-2.827082890484787754e+02
-2.826248842629444198e+02
-2.825554895748491617e+02
-2.825033080468806475e+02
-2.824711856874801583e+02
-2.824614752866227150e+02
-2.824759043656357562e+02
-2.825154767923938834e+02
-2.825804029644588695e+02
-2.826700758941149161e+02
-2.827830887751410955e+02
-2.829172960470909288e+02
-2.830699131810517315e+02
-2.832376402521833256e+02
-2.834168094542017116e+02
-2.836035311502223522e+02
-2.837938429730411940e+02
-2.839838364165472058e+02
-2.841697732388883537e+02
-2.843481665950854449e+02
-2.845158493811751441e+02
-2.846700067190649293e+02
-2.848081995316312600e+02
-2.849283601828683459e+02
-2.850287862936312422e+02
-2.851081178853320921e+02
-2.851653195378161172e+02
-2.851996562664452313e+02
-2.852106790446080140e+02
-2.851982128133856804e+02
-2.851623549527053569e+02
-2.851034830586852422e+02
-2.850222707402895139e+02
-2.849197160250754450e+02
-2.847971722110148107e+02
-2.846563910537932429e+02
-2.844995585490592589e+02
-2.843293381264539903e+02
-2.841488922524845862e+02
-2.839619017406050716e+02
-2.837725463749692381e+02
-2.835854710274198283e+02
-2.834056981905673069e+02
-2.832385172928385373e+02
-2.830893157967056482e+02
-2.829633914319879864e+02
-2.828657200689949036e+02
-2.828007266174568599e+02
-2.827720465598133615e+02
-2.827823257631904426e+02
-2.828330547937273991e+02
-2.829244737921101205e+02
-2.830555438807389805e+02
-2.832239978816044186e+02
-2.834264615562692029e+02
-2.836586320593006008e+02
-2.839155015061409699e+02
-2.841915952750813403e+02
-2.844812184775952915e+02
-2.847786754403913392e+02
-2.850784687950509806e+02
-2.853754471077112385e+02
-2.856649216105356572e+02
-2.859427281894153907e+02
-2.862052641609768671e+02
-2.864494823026784616e+02
-2.866728724535854553e+02
-2.868734173806333843e+02
-2.870495488474554691e+02
-2.872000940186108551e+02
-2.873242301927969606e+02
-2.874214420389898237e+02
-2.874914902635108547e+02
-2.875343911018937320e+02
-2.875504060935742814e+02
-2.875400477540417228e+02
-2.875040916327439504e+02
-2.874436061431805456e+02
-2.873599819294405506e+02
-2.872549777385937659e+02
-2.871307552702184012e+02
-2.869899250805971747e+02
-2.868355688186990164e+02
-2.866712617836205368e+02
-2.865010558005596977e+02
-2.863294511655916494e+02
-2.861613154534404089e+02
-2.860017833505169165e+02
-2.858560993701130997e+02
-2.857294450738300498e+02
-2.856267228876268973e+02
-2.855523436788820391e+02
-2.855100032803134127e+02
-2.855024941406411472e+02
-2.855315462239573776e+02
-2.855977319438972017e+02
-2.857004304285210310e+02
-2.858378643243964916e+02
-2.860072010519186279e+02
-2.862047071313150468e+02
-2.864259463190164752e+02
-2.866659931959121081e+02
-2.869196579760047143e+02
-2.871816888244243842e+02
-2.874469591771123191e+02
-2.877106094447286750e+02
-2.879681625628919619e+02
-2.882155901950596899e+02
-2.884493562534859166e+02
-2.886664199074311341e+02
-2.888642273014937132e+02
-2.890406771973920854e+02
-2.891940866243377286e+02
-2.893231445276778118e+02
-2.894268731049740495e+02
-2.895045878949752023e+02
-2.895558689776838719e+02
-2.895805379709416911e+02
-2.895786458716367520e+02
-2.895504712002811516e+02
-2.894965253395845366e+02
-2.894175701431861398e+02
-2.893146373501411404e+02
-2.891890592397606952e+02
-2.890424936615295337e+02
-2.888769563125113677e+02
-2.886948375120403512e+02
-2.884989189624103574e+02
-2.882923645431544628e+02
-2.880787026740545116e+02
-2.878617726803510095e+02
-2.876456563761840357e+02
-2.874345703773404921e+02
-2.872327439160892482e+02
-2.870442654885855518e+02
-2.868729252025470942e+02
-2.867220469928464013e+02
-2.865943359092401579e+02
-2.864917439067692158e+02
-2.864153709433488189e+02
-2.863654098759733415e+02
-2.863411359467149282e+02
-2.863409511851837692e+02
-2.863624644553387952e+02
-2.864026196300166589e+02
-2.864578353630221841e+02
-2.865241732955169027e+02
-2.865974895371680304e+02
-2.866735944349393321e+02
-2.867483736114743920e+02
-2.868179054503858083e+02
-2.868785304065605715e+02
-2.869269149499749574e+02
-2.869600701002064511e+02
-2.869753702582275423e+02
-2.869705351362309784e+02
-2.869436206886731497e+02
-2.868929846367377081e+02
-2.868172669112449853e+02
-2.867153558831766986e+02
-2.865863739910225831e+02
-2.864296561031111992e+02
-2.862447498883416870e+02
-2.860314150543046594e+02
-2.857896432519942209e+02
-2.855196814587593508e+02
-2.852220730510705948e+02
-2.848977043061204881e+02
-2.845478628802211460e+02
-2.841743002250847212e+02
-2.837792966106322865e+02
-2.833657238807073782e+02
-2.829370962786213681e+02
-2.824976072944440944e+02
-2.820521366002017771e+02
-2.816062271051668517e+02
-2.811660141204458228e+02
-2.807381120275413195e+02
-2.803294438866553833e+02
-2.799470270233849192e+02
-2.795977130726577684e+02
-2.792879040655331551e+02
-2.790232567418053691e+02
-2.788084034982139201e+02
-2.786467118630351933e+02
-2.785401041150657875e+02
-2.784889602601811589e+02
-2.784921045878055565e+02
-2.785468902171430727e+02
-2.786493555082005287e+02
-2.787944571377991565e+02
-2.789763328080671840e+02
-2.791885972155567970e+02
-2.794246174301506471e+02
-2.796777804491951542e+02
-2.799417047458349543e+02
-2.802104217927414425e+02
-2.804784900075038649e+02
-2.807410785178244623e+02
-2.809939922852598215e+02
-2.812336777405652697e+02
-2.814571896489908340e+02
-2.816621526614318896e+02
-2.818467035537717607e+02
-2.820094391742780999e+02
-2.821493607588748773e+02
-2.822658288901137098e+02
-2.823585255632206668e+02
-2.824274268041955906e+02
-2.824727885787507375e+02
-2.824951394395067723e+02
-2.824952885869902275e+02
-2.824743337330978648e+02
-2.824336840068555148e+02
-2.823750730285228201e+02
-2.823005819486637620e+02
-2.822126423058988962e+02
-2.821140415905143755e+02
-2.820078966483965246e+02
-2.818976226841645598e+02
-2.817868610202265813e+02
-2.816793985666777189e+02
-2.815790459809337563e+02
-2.814895110766643711e+02
-2.814142428379618082e+02
-2.813562841972744764e+02
-2.813181197596464926e+02
-2.813015508464907839e+02
-2.813075944782343072e+02
-2.813364259072693017e+02
-2.813873640837328480e+02
-2.814589043539606905e+02
-2.815487974762971817e+02
-2.816541604536512295e+02
-2.817716213795464455e+02
-2.818974690881265701e+02
-2.820278157724250150e+02
-2.821587387602742751e+02
-2.822864180672674479e+02
-2.824072356858091553e+02
-2.825178641107935960e+02
-2.826153122327411324e+02
-2.826969633691297759e+02
-2.827605772311511600e+02
-2.828042916988973161e+02
-2.828266007894129643e+02
-2.828263408968316526e+02
-2.828026664861457107e+02
-2.827550398252694777e+02
-2.826832233939808816e+02
-2.825872883719596871e+02
-2.824676347336593949e+02
-2.823250264851502038e+02
-2.821606434512363535e+02
-2.819761412172798032e+02
-2.817737269506489497e+02
-2.815562279839564326e+02
-2.813271668607063134e+02
-2.810908049046649353e+02
-2.808521728088367695e+02
-2.806170390561310342e+02
-2.803918414177293812e+02
-2.801835296410058618e+02
-2.799993571977363445e+02
-2.798465807929059679e+02
-2.797321241891772274e+02
-2.796621865035893961e+02
-2.796418679192935883e+02
-2.796748138677986049e+02
-2.797629484929011596e+02
-2.799063040765868777e+02
-2.801029875308367423e+02
-2.803492769195564165e+02
-2.806398439422424644e+02
-2.809680755202843443e+02
-2.813264539161082780e+02
-2.817069664370175133e+02
-2.821014895632962975e+02
-2.825021386710572529e+02
-2.829015365524747381e+02
-2.832930194013146092e+02
-2.836707495658463358e+02
-2.840297732812717868e+02
-2.843660052084796348e+02
-2.846761836083720141e+02
-2.849577834390501607e+02
-2.852089254004302461e+02
-2.854282707333763938e+02
-2.856149288606521850e+02
-2.857683698475921119e+02
-2.858883566698383447e+02
-2.859748942841503094e+02
-2.860281986599679840e+02
-2.860486899893696773e+02
-2.860370020811337781e+02
-2.859940203482468064e+02
-2.859209291889191036e+02
-2.858192891894661329e+02
-2.856911128612093762e+02
-2.855389654579766443e+02
-2.853660466494243906e+02
-2.851762837345982575e+02
-2.849743791671521080e+02
-2.847658460290186895e+02
-2.845569662075226915e+02
-2.843547101825107575e+02
-2.841665538967435509e+02
-2.840002443847552058e+02
-2.838634652365475404e+02
-2.837634713711325389e+02
-2.837066708119014038e+02
-2.836982360139352295e+02
-2.837417453166746100e+02
-2.838389292876868240e+02
-2.839895256482951140e+02
-2.841912830223288324e+02
-2.844400993423294040e+02
-2.847302847291649641e+02
-2.850549200291795273e+02
-2.854062612482858867e+02
-2.857761637899340030e+02
-2.861564669106402903e+02
-2.865393356500402433e+02
-2.869175114945711584e+02
-2.872844987707686073e+02
-2.876346540363209670e+02
-2.879632241085532769e+02
-2.882663109985846859e+02
-2.885408138868327796e+02
-2.887843299779934796e+02
-2.889950576402745241e+02
-2.891716849661049196e+02
-2.893132960820104813e+02
-2.894192802433718725e+02
-2.894892644374428414e+02
-2.895230587592499774e+02
-2.895206249765619191e+02
-2.894820639993351392e+02
-2.894076226593681440e+02
-2.892977237110508781e+02
-2.891530101104999630e+02
-2.889744132101012042e+02
-2.887632282452309482e+02
-2.885212116574519428e+02
-2.882506720651134628e+02
-2.879545731068398595e+02
-2.876366099547144017e+02
-2.873012780705424802e+02
-2.869538872219242762e+02
-2.866005423317992609e+02
-2.862480410339311447e+02
-2.859037170740930378e+02
-2.855751904931411218e+02
-2.852700648300119610e+02
-2.849955580999331346e+02
-2.847581186047992787e+02
-2.845630434605150754e+02
-2.844141494356530870e+02
-2.843135267640034272e+02
-2.842614062199065756e+02
-2.842561611157027528e+02
-2.842944299819970411e+02
-2.843713661746747334e+02
-2.844809548465242415e+02
-2.846163975393106398e+02
-2.847704827053562440e+02
-2.849359555654626774e+02
-2.851058073940193935e+02
-2.852735269486800007e+02
-2.854332464495194586e+02
-2.855798453035566808e+02
-2.857089625913193345e+02
-2.858169878628895617e+02
-2.859009904969220202e+02
-2.859586524133159742e+02
-2.859881708416602351e+02
-2.859881830606910853e+02
-2.859576855882136215e+02
-2.858959854495946047e+02
-2.858026635532471573e+02
-2.856775723074117650e+02
-2.855208582114270826e+02
-2.853330157846808106e+02
-2.851149737323107729e+02
-2.848682035166517608e+02
-2.845948597667442073e+02
-2.842979218514847730e+02
-2.839813523452197046e+02
-2.836502196076160658e+02
-2.833108013036764419e+02
-2.829705970028660431e+02
-2.826382728736972467e+02
-2.823234608557075944e+02
-2.820364519702139319e+02
-2.817877291531920605e+02
-2.815874136827926009e+02
-2.814446149163245536e+02
-2.813667946958107109e+02
-2.813591776691762902e+02
-2.814243179245676743e+02
-2.815618565989834110e+02
-2.817685232701200562e+02
-2.820383735506653125e+02
-2.823632299073312879e+02
-2.827332749335022868e+02
-2.831377029068769957e+02
-2.835653813680177109e+02
-2.840054243857518372e+02
-2.844476723392497775e+02
-2.848830127644347954e+02
-2.853035865678533582e+02
-2.857028469112559605e+02
-2.860755412040336410e+02
-2.864175982132014724e+02
-2.867259909757602827e+02
-2.869985589406429085e+02
-2.872338440212640194e+02
-2.874309227509638731e+02
-2.875892703206367855e+02
-2.877086405807802407e+02
-2.877889810803645787e+02
-2.878303729543864620e+02
-2.878330016542492444e+02
-2.877971580651891372e+02
-2.877232635631783637e+02
-2.876119289944404045e+02
-2.874640299128743095e+02
-2.872808171551386636e+02
-2.870640322502151207e+02
-2.868160528559887439e+02
-2.865400234611860810e+02
-2.862399985465031023e+02
-2.859210381277122792e+02
-2.855892846623485184e+02
-2.852519484167739279e+02
-2.849172336950910562e+02
-2.845941368621816991e+02
-2.842921610451478500e+02
-2.840209006498507733e+02
-2.837895654621815993e+02
-2.836064367626091780e+02
-2.834783452635969070e+02
-2.834101955389756995e+02
-2.834046204460125296e+02
-2.834617914641331708e+02
-2.835794192360879151e+02
-2.837529431683915391e+02
-2.839758757204091353e+02
-2.842402729476643231e+02
-2.845372498266728485e+02
-2.848575153275961043e+02
-2.851918394676388289e+02
-2.855314599116151157e+02
-2.858683624953399658e+02
-2.861954795461845720e+02
-2.865067660291204561e+02
-2.867972165703956193e+02
-2.870627989200629031e+02
-2.873003662114658141e+02
-2.875075278230871163e+02
-2.876825300080116676e+02
-2.878241260870378824e+02
-2.879314727131137488e+02
-2.880040346655036387e+02
-2.880415196205473762e+02
-2.880438318208020405e+02
-2.880110530322396016e+02
-2.879434483416273451e+02
-2.878414933182022537e+02
-2.877059291294203263e+02
-2.875378307875467954e+02
-2.873387026900507522e+02
-2.871105746043576232e+02
-2.868561173700550739e+02
-2.865787379801339512e+02
-2.862826766497158815e+02
-2.859730526810243987e+02
-2.856558839441454438e+02
-2.853380211520944840e+02
-2.850270275227478010e+02
-2.847309505565210657e+02
-2.844580307607157010e+02
-2.842163171634936134e+02
-2.840132525306804041e+02
-2.838552290205296913e+02
-2.837471868347460600e+02
-2.836922774619683878e+02
-2.836916477052843106e+02
-2.837443625240086362e+02
-2.838474771530345606e+02
-2.839962564154864140e+02
-2.841844983127611499e+02
-2.844049455282610097e+02
-2.846497099519786502e+02
-2.849107034800853171e+02
-2.851799981035468363e+02
-2.854501383634404306e+02
-2.857143439640732936e+02
-2.859666541801668131e+02
-2.862019707527164769e+02
-2.864160625813294132e+02
-2.866055006150446616e+02
-2.867675840256202946e+02
-2.869002310609366191e+02
-2.870018840374605134e+02
-2.870714049286552267e+02
-2.871079973969040680e+02
-2.871111362179861430e+02
-2.870805263369154545e+02
-2.870160799940110792e+02
-2.869179207815418522e+02
-2.867864131162442618e+02
-2.866222129609948297e+02
-2.864263468520600782e+02
-2.862003028082762626e+02
-2.859461466312047833e+02
-2.856666331431367780e+02
-2.853653297602980956e+02
-2.850467067369870620e+02
-2.847162135969015822e+02
-2.843802838192134459e+02
-2.840462911108964477e+02
-2.837223967238026603e+02
-2.834173230720477363e+02
-2.831400079925349473e+02
-2.828991963572744339e+02
-2.827029542019068344e+02
-2.825581846610756998e+02
-2.824701623281758884e+02
-2.824421645665726714e+02
-2.824752262777570309e+02
-2.825680620338354743e+02
-2.827171609352878363e+02
-2.829170376744912687e+02
-2.831606199238129307e+02
-2.834397049365389876e+02
-2.837454603023772961e+02
-2.840688852557624955e+02
-2.844012340144741415e+02
-2.847343306180318336e+02
-2.850608098922226645e+02
-2.853742393826027524e+02
-2.856691799744073705e+02
-2.859411548438131945e+02
-2.861865905390451985e+02
-2.864027058394377150e+02
-2.865874033603532780e+02
-2.867391423448466412e+02
-2.868568328035055970e+02
-2.869397316420826201e+02
-2.869873675937376447e+02
-2.869994802190638552e+02
-2.869759874328738078e+02
-2.869169747064271405e+02
-2.868227086316025520e+02
-2.866936779439009229e+02
-2.865306528558575110e+02
-2.863347747932876928e+02
-2.861076552782043336e+02
-2.858515023956011305e+02
-2.855692397802304185e+02
-2.852646397876275728e+02
-2.849424205915917128e+02
-2.846083297529608558e+02
-2.842691510547133475e+02
-2.839326602611286603e+02
-2.836074638223415150e+02
-2.833027574332358540e+02
-2.830279549693404988e+02
-2.827922475241944085e+02
-2.826040781241690638e+02
-2.824706164344651711e+02
-2.823972539331656435e+02
-2.823872053266179591e+02
-2.824412486432162268e+02
-2.825576497099571611e+02
-2.827322774998914383e+02
-2.829588940465383189e+02
-2.832295917906560021e+02
-2.835353041788538917e+02
-2.838663606696351280e+02
-2.842129935894529353e+02
-2.845657958032707029e+02
-2.849160550188565821e+02
-2.852560032707326627e+02
-2.855789327761015670e+02
-2.858792437626528340e+02
-2.861523921291840793e+02
-2.863948084956591060e+02
-2.866037608327383168e+02
-2.867772237505371891e+02
-2.869137265469224189e+02
-2.870122285145544652e+02
-2.870719946649952590e+02
-2.870925058098502518e+02
-2.870733808723192624e+02
-2.870143332517179147e+02
-2.869151465658469533e+02
-2.867756812165584961e+02
-2.865959063058436982e+02
-2.863759584584386744e+02
-2.861162320456223256e+02
-2.858174905064470863e+02
-2.854810107471805054e+02
-2.851087373366593738e+02
-2.847034617902217519e+02
-2.842689861202237012e+02
-2.838102872437461883e+02
-2.833336223514636458e+02
-2.828465878819335444e+02
-2.823580643897658433e+02
-2.818780630875858151e+02
-2.814174145977027592e+02
-2.809873380489402166e+02
-2.805988677236612148e+02
-2.802622100164649055e+02
-2.799860619509422008e+02
-2.797769874677159692e+02
-2.796389156033013705e+02
-2.795728325091844226e+02
-2.795767160225205430e+02
-2.796457074629658450e+02
-2.797725193295527220e+02
-2.799479911152267846e+02
-2.801617610715832143e+02
-2.804029236550493351e+02
-2.806606633287728414e+02
-2.809247474543178100e+02
-2.811859193525545493e+02
-2.814361121498335478e+02
-2.816685665528599998e+02
-2.818778027212405846e+02
-2.820595435078033688e+02
-2.822105517085293513e+02
-2.823284688011438561e+02
-2.824116214127599847e+02
-2.824588627546590374e+02
-2.824694198631103745e+02
-2.824427914231515615e+02
-2.823786778358750666e+02
-2.822769670529185646e+02
-2.821377731740855097e+02
-2.819615300102007609e+02
-2.817491533778859321e+02
-2.815022482936727783e+02
-2.812233849601077509e+02
-2.809163868030771596e+02
-2.805866538318535959e+02
-2.802414216492585410e+02
-2.798899708823502124e+02
-2.795436498442762172e+02
-2.792157281331697050e+02
-2.789209437441480759e+02
-2.786748093960745791e+02
-2.784926120610210774e+02
-2.783882686255103636e+02
-2.783730895572155077e+02
-2.784546918103845883e+02
-2.786361719308749798e+02
-2.789157292388912310e+02
-2.792867740544340904e+02
-2.797385237673797178e+02
-2.802569822008447318e+02
-2.808261343857024031e+02
-2.814292019509461511e+02
-2.820497658719328342e+02
-2.826726856168433528e+02
-2.832847073884699967e+02
-2.838748115957965297e+02
-2.844342778347602803e+02
-2.849565829865875912e+02
-2.854371409311957564e+02
-2.858729964526414733e+02
-2.862624734187591571e+02
-2.866048564130038017e+02
-2.869000899173988159e+02
-2.871485386549588839e+02
-2.873507897353024418e+02
-2.875075129942209742e+02
-2.876193676123568252e+02
-2.876869538611619532e+02
-2.877108111381868980e+02
-2.876914481301312208e+02
-2.876294215282711662e+02
-2.875254363720367223e+02
-2.873804979036827945e+02
-2.871960739383087002e+02
-2.869743060625531257e+02
-2.867182103999996912e+02
-2.864319087963466473e+02
-2.861208091105016251e+02
-2.857917716821913814e+02
-2.854531618642638477e+02
-2.851148242427074138e+02
-2.847878742998722146e+02
-2.844843593787850295e+02
-2.842167124488337322e+02
-2.839970923388875121e+02
-2.838365934206114503e+02
-2.837444629443148756e+02
-2.837273681402720058e+02
-2.837888527632127875e+02
-2.839290282392077529e+02
-2.841445674909945751e+02
-2.844289918398704344e+02
-2.847732069025362307e+02
-2.851662216106273036e+02
-2.855959336374044710e+02
-2.860499161777893278e+02
-2.865160907409087372e+02
-2.869832774290421753e+02
-2.874415514115987662e+02
-2.878824588588420852e+02
-2.882990606217790059e+02
-2.886858874511233353e+02
-2.890387903573267181e+02
-2.893547670719141820e+02
-2.896317469108863634e+02
-2.898683962670208416e+02
-2.900639225754292738e+02
-2.902179175611811957e+02
-2.903302185482452273e+02
-2.904008107325381047e+02
-2.904297558748834831e+02
-2.904171562868182832e+02
-2.903631506047354947e+02
-2.902679378511738832e+02
-2.901318385850590289e+02
-2.899553788498935205e+02
-2.897394148492081740e+02
-2.894852725535050695e+02
-2.891949269314829394e+02
-2.888711786412396805e+02
-2.885178554337447849e+02
-2.881399760372036667e+02
-2.877439019420784803e+02
-2.873373963673515163e+02
-2.869296145683872510e+02
-2.865309397336551456e+02
-2.861527007306511337e+02
-2.858067071510531036e+02
-2.855046718101937131e+02
-2.852575073150556477e+02
-2.850746065368932136e+02
-2.849631478278528220e+02
-2.849275436614724413e+02
-2.849690843081617686e+02
-2.850858422043563678e+02
-2.852728458965491996e+02
-2.855224908955160572e+02
-2.858251460135387561e+02
-2.861698468393882422e+02
-2.865450263590053623e+02
-2.869391643943637291e+02
-2.873413479686043388e+02
-2.877416598820890385e+02
-2.881314438244516509e+02
-2.885034015707186086e+02
-2.888516022152392679e+02
-2.891713797064193159e+02
-2.894591995804952376e+02
-2.897124740977219517e+02
-2.899293906191704195e+02
-2.901087299821979286e+02
-2.902497198681451778e+02
-2.903519004477720955e+02
-2.904150289330629562e+02
-2.904390067492629441e+02
-2.904238413132095502e+02
-2.903696355582510478e+02
-2.902766049545681994e+02
-2.901451256796702864e+02
-2.899758026529970607e+02
-2.897695703695264342e+02
-2.895278032548188776e+02
-2.892524540328986404e+02
-2.889461856276930121e+02
-2.886125154064931735e+02
-2.882559224849782140e+02
-2.878819394453212226e+02
-2.874971655986345240e+02
-2.871092259341853037e+02
-2.867266117926613447e+02
-2.863584396259053619e+02
-2.860140823266871735e+02
-2.857027292233954654e+02
-2.854328688924844641e+02
-2.852117712777996417e+02
-2.850449986272558931e+02
-2.849360197168010131e+02
-2.848859663918246952e+02
-2.848935641103746548e+02
-2.849552535235334290e+02
-2.850654681359969800e+02
-2.852170575454464370e+02
-2.854017674386967087e+02
-2.856107647057968393e+02
-2.858351054298871077e+02
-2.860661616285217406e+02
-2.862959228619588430e+02
-2.865172261489743164e+02
-2.867238545246596004e+02
-2.869105810089131410e+02
-2.870731145223609246e+02
-2.872080279294626166e+02
-2.873126299363992757e+02
-2.873848511042364180e+02
-2.874231071762251304e+02
-2.874261945181352758e+02
-2.873931850442319273e+02
-2.873233586937948303e+02
-2.872161483179577317e+02
-2.870711219102306018e+02
-2.868879857820297161e+02
-2.866666219437536256e+02
-2.864071535984131742e+02
-2.861100392430462875e+02
-2.857761992697490427e+02
-2.854071609299792271e+02
-2.850052315754742835e+02
-2.845736688079949204e+02
-2.841168584322787183e+02
-2.836404499657906513e+02
-2.831514585944746045e+02
-2.826582682059723766e+02
-2.821705469288984887e+02
-2.816990109013230494e+02
-2.812550651974980269e+02
-2.808502862247995608e+02
-2.804958100802161312e+02
-2.802016419359441670e+02
-2.799759840593536069e+02
-2.798246389314019211e+02
-2.797505780559308732e+02
-2.797537291496463467e+02
-2.798310074824511275e+02
-2.799765974589091684e+02
-2.801824224430399113e+02
-2.804387672966539071e+02
-2.807349376841850130e+02
-2.810599244778273373e+02
-2.814029646898689521e+02
-2.817540091384271363e+02
-2.821040249125628065e+02
-2.824451901174231807e+02
-2.827709429070513920e+02
-2.830759618993626532e+02
-2.833560558254384887e+02
-2.836080357926115312e+02
-2.838295492486558373e+02
-2.840189321897761374e+02
-2.841750586607806213e+02
-2.842972232284423626e+02
-2.843850399827531419e+02
-2.844383752588399830e+02
-2.844573054545986679e+02
-2.844421028671511635e+02
-2.843932500390844780e+02
-2.843114727355183504e+02
-2.841978020385298578e+02
-2.840536433401854879e+02
-2.838808704923957862e+02
-2.836819102926325513e+02
-2.834598407610318986e+02
-2.832184566092865907e+02
-2.829623282897055674e+02
-2.826967986817925294e+02
-2.824279483292349369e+02
-2.821624722007217088e+02
-2.819075068682287224e+02
-2.816703635710255185e+02
-2.814582193543451467e+02
-2.812777460222424111e+02
-2.811347412238199581e+02
-2.810337667982167318e+02
-2.809778564035448198e+02
-2.809683082221826567e+02
-2.810045982456649654e+02
-2.810844220134964644e+02
-2.812038531198689384e+02
-2.813576144010309008e+02
-2.815394073970864497e+02
-2.817422926960669542e+02
-2.819590489763795063e+02
-2.821825202049850532e+02
-2.824058826225456187e+02
-2.826228667396209744e+02
-2.828278814228000329e+02
-2.830160949724943293e+02
-2.831834330048260995e+02
-2.833265553501615841e+02
-2.834427786679076462e+02
-2.835300025951679004e+02
-2.835866099488759460e+02
-2.836113876533131588e+02
-2.836034437754699411e+02
-2.835621537380324071e+02
-2.834871179928564970e+02
-2.833781518100076937e+02
-2.832352980128512741e+02
-2.830588697744694286e+02
-2.828495256546461292e+02
-2.826083688313124753e+02
-2.823370814886607150e+02
-2.820380696165942709e+02
-2.817146346485755544e+02
-2.813711263262218836e+02
-2.810130943063002746e+02
-2.806473721587580599e+02
-2.802821118695955533e+02
-2.799266876268473538e+02
-2.795914997663240911e+02
-2.792876056820189774e+02
-2.790262354374996789e+02
-2.788181606080232768e+02
-2.786730166205450132e+02
-2.785985982804275523e+02
-2.786002530721223138e+02
-2.786804177785758156e+02
-2.788383902455688030e+02
-2.790703537167071886e+02
-2.793696590580842098e+02
-2.797273273290849147e+02
-2.801326933942469282e+02
-2.805741277159746687e+02
-2.810397270412823332e+02
-2.815179404561758929e+02
-2.819980461579465327e+02
-2.824705012143423346e+02
-2.829271200448449122e+02
-2.833611452187769260e+02
-2.837671916670071823e+02
-2.841411384099848760e+02
-2.844799554351678239e+02
-2.847815286405238453e+02
-2.850444674305283002e+02
-2.852679389332313349e+02
-2.854515126327272014e+02
-2.855950402636464105e+02
-2.856985591043253407e+02
-2.857622286791064994e+02
-2.857862963270413843e+02
-2.857710905922713209e+02
-2.857170476411480422e+02
-2.856247585106594329e+02
-2.854950531346145794e+02
-2.853290969834201292e+02
-2.851285250046841497e+02
-2.848955750071445436e+02
-2.846332492004608525e+02
-2.843454509412068774e+02
-2.840371263733092633e+02
-2.837143409374307339e+02
-2.833843210325835571e+02
-2.830553818915232682e+02
-2.827367778901519273e+02
-2.824384050494054463e+02
-2.821704117439731476e+02
-2.819426799995220563e+02
-2.817642631625947729e+02
-2.816427865656479526e+02
-2.815839154827893367e+02
-2.815909218068940731e+02
-2.816644323780874402e+02
-2.818023763224530853e+02
-2.820001457562816540e+02
-2.822509509820765743e+02
-2.825463103353924907e+02
-2.828766333929541474e+02
-2.832318022104335569e+02
-2.836017278948565945e+02
-2.839767960869919534e+02
-2.843482221661015501e+02
-2.847082602078870082e+02
-2.850503231216731592e+02
-2.853689813500129731e+02
-2.856599123859758720e+02
-2.859197766968882206e+02
-2.861460876562335329e+02
-2.863370512748388137e+02
-2.864914274260844991e+02
-2.866083897683486157e+02
-2.866874182779315561e+02
-2.867282069450018867e+02
-2.867306052380116625e+02
-2.866945831468757433e+02
-2.866202273334888559e+02
-2.865077674592978951e+02
-2.863576286670909212e+02
-2.861705202419174157e+02
-2.859475434848891382e+02
-2.856903380077810084e+02
-2.854012337997409077e+02
-2.850834331155474501e+02
-2.847411712602920488e+02
-2.843798799171464111e+02
-2.840062832240315061e+02
-2.836284490200802111e+02
-2.832557125914170797e+02
-2.828985031956267449e+02
-2.825679991615045310e+02
-2.822756669979291360e+02
-2.820326485442694207e+02
-2.818490919513628796e+02
-2.817334429037770747e+02
-2.816918180882176443e+02
-2.817275066693942449e+02
-2.818406940215649001e+02
-2.820284314999753974e+02
-2.822848636281007089e+02
-2.826016837900792211e+02
-2.829687438315879149e+02
-2.833747587417631735e+02
-2.838079963039325548e+02
-2.842569179736667024e+02
-2.847106798694258600e+02
-2.851595135160310406e+02
-2.855949363853601426e+02
-2.860098536610501014e+02
-2.863985272357876397e+02
-2.867564889786071376e+02
-2.870803810148202615e+02
-2.873677901972558288e+02
-2.876170588924256322e+02
-2.878271202494332215e+02
-2.879973382554368300e+02
-2.881273835446605176e+02
-2.882171275043708647e+02
-2.882665714086424487e+02
-2.882758005788843434e+02
-2.882449683091062411e+02
-2.881743096997799967e+02
-2.880641796087771809e+02
-2.879151259766485964e+02
-2.877279812202383482e+02
-2.875039922766737277e+02
-2.872449594015188268e+02
-2.869534099383016610e+02
-2.866327608777328919e+02
-2.862874979094974606e+02
-2.859233058791234043e+02
-2.855471769102890676e+02
-2.851674154305595721e+02
-2.847935686571698284e+02
-2.844361988076542502e+02
-2.841065460040546782e+02
-2.838160220028602225e+02
-2.835756152791995532e+02
-2.833952019297373113e+02
-2.832828753686551408e+02
-2.832443324064439594e+02
-2.832824264040476692e+02
-2.833969255329279235e+02
-2.835845251045608393e+02
-2.838391076050740480e+02
-2.841522093793238355e+02
-2.845136447498882717e+02
-2.849121858286126781e+02
-2.853362499599749071e+02
-2.857744939959361545e+02
-2.862163118195866218e+02
-2.866521668428277962e+02
-2.870738071801891351e+02
-2.874743295898340989e+02
-2.878481648850241754e+02
-2.881909652007500995e+02
-2.884994664966654341e+02
-2.887713069584146979e+02
-2.890048593034085798e+02
-2.891990557990354773e+02
-2.893532455851268423e+02
-2.894670635772113201e+02
-2.895403354548061543e+02
-2.895730031479945978e+02
-2.895650829058421891e+02
-2.895166493970003785e+02
-2.894278473091454202e+02
-2.892989345298643684e+02
-2.891303484596940621e+02
-2.889228082323739386e+02
-2.886774347446207685e+02
-2.883959093071173925e+02
-2.880806355228190228e+02
-2.877349301347559276e+02
-2.873631895875647047e+02
-2.869710563196498470e+02
-2.865655119178694576e+02
-2.861549198094406847e+02
-2.857489319181053702e+02
-2.853582910181576722e+02
-2.849944555352380462e+02
-2.846691023037512309e+02
-2.843934795394739581e+02
-2.841777068276123828e+02
-2.840300497228889753e+02
-2.839562900558031515e+02
-2.839592470051365467e+02
-2.840385348857119538e+02
-2.841905850775763156e+02
-2.844089285173425878e+02
-2.846847098104772158e+02
-2.850073402831644103e+02
-2.853652370197368668e+02
-2.857465232618637287e+02
-2.861396684560956487e+02
-2.865339682992825487e+02
-2.869199009381115957e+02
-2.872893015045395941e+02
-2.876354323610686947e+02
-2.879529182029038452e+02
-2.882376350727424779e+02
-2.884865260575963930e+02
-2.886974222522176774e+02
-2.888688397355614370e+02
-2.889998102016000985e+02
-2.890897159925700066e+02
-2.891381678502443151e+02
-2.891449009923831568e+02
-2.891097126842274747e+02
-2.890324248942928307e+02
-2.889128852515228800e+02
-2.887510010284751161e+02
-2.885468060393732799e+02
-2.883005697068912241e+02
-2.880129341424949985e+02
-2.876850987900573955e+02
-2.873190213001281563e+02
-2.869176581275759190e+02
-2.864851912973373942e+02
-2.860272616187788230e+02
-2.855511290829224436e+02
-2.850657734602938262e+02
-2.845818387527294817e+02
-2.841114387629589828e+02
-2.836677386936053722e+02
-2.832643630863445878e+02
-2.829146013286759285e+02
-2.826305206984780511e+02
-2.824220376552962648e+02
-2.822960973679852827e+02
-2.822560518717449440e+02
-2.823013459291460663e+02
-2.824275576249092410e+02
-2.826267780642910452e+02
-2.828882938290558968e+02
-2.831994368956958397e+02
-2.835465300251656231e+02
-2.839157571234532611e+02
-2.842939368707677090e+02
-2.846690722433267524e+02
-2.850307323519537590e+02
-2.853702016324317015e+02
-2.856805038122626001e+02
-2.859562647404326867e+02
-2.861935318114047959e+02
-2.863895143676504631e+02
-2.865423446378270000e+02
-2.866508159069231283e+02
-2.867141719437977372e+02
-2.867319010119931022e+02
-2.867035872087777761e+02
-2.866287769203589733e+02
-2.865068978712940861e+02
-2.863371995147458051e+02
-2.861187401985770862e+02
-2.858504055285404206e+02
-2.855309734445995673e+02
-2.851592267840469503e+02
-2.847341186006067346e+02
-2.842550058220460869e+02
-2.837219411686585886e+02
-2.831360468372880632e+02
-2.824999334364682113e+02
-2.818181806783973116e+02
-2.810977997518594407e+02
-2.803486679757025968e+02
-2.795838019812987341e+02
-2.788194325802328422e+02
-2.780747195407907952e+02
-2.773710922075267717e+02
-2.767311191277310627e+02
-2.761770103631331494e+02
-2.757288331352797286e+02
-2.754027077396623326e+02
-2.752092233518351350e+02
-2.751523628936561181e+02
-2.752291252834626221e+02
-2.754299070122095259e+02
-2.757395918793872625e+02
-2.761391057515076568e+02
-2.766072253694763390e+02
-2.771223009726791133e+02
-2.776637543536619432e+02
-2.782131385049896721e+02
-2.787548092284340555e+02
-2.792761533624853314e+02
-2.797675434267279115e+02
-2.802220303836493827e+02
-2.806349497962247028e+02
-2.810034451757455258e+02
-2.813260310610025385e+02
-2.816021746721400518e+02
-2.818319637301895568e+02
-2.820158288910799911e+02
-2.821543502209500502e+02
-2.822481231610782402e+02
-2.822976895184079353e+02
-2.823035268485074880e+02
-2.822660838386013324e+02
-2.821858758216550882e+02
-2.820636122289731134e+02
-2.819003857285204617e+02
-2.816978776209849684e+02
-2.814586182459040629e+02
-2.811862326604667714e+02
-2.808857115645454314e+02
-2.805636086104661899e+02
-2.802281995890801340e+02
-2.798894802383102274e+02
-2.795590437407079776e+02
-2.792497190337462598e+02
-2.789750386632399568e+02
-2.787484730314253056e+02
-2.785825587595732031e+02
-2.784879406208368096e+02
-2.784725036561772527e+02
-2.785406665466334744e+02
-2.786929813576585957e+02
-2.789260755891252757e+02
-2.792329603179827018e+02
-2.796036532945707336e+02
-2.800260106985135735e+02
-2.804866705065844030e+02
-2.809719560113776424e+02
-2.814686832530306333e+02
-2.819647618179740789e+02
-2.824496157776789005e+02
-2.829143753341369916e+02
-2.833519250713375754e+02
-2.837567932055349047e+02
-2.841249805151373948e+02
-2.844537164998718595e+02
-2.847412228486530239e+02
-2.849864652759594037e+02
-2.851889470062398004e+02
-2.853485208481287714e+02
-2.854652509087942462e+02
-2.855393049254651601e+02
-2.855708903495505524e+02
-2.855602265673626334e+02
-2.855075520268275113e+02
-2.854131720899314359e+02
-2.852775339377388377e+02
-2.851013467669547481e+02
-2.848857201833637305e+02
-2.846323480619010979e+02
-2.843436935987116385e+02
-2.840232067763298005e+02
-2.836755090842941058e+02
-2.833065730019587249e+02
-2.829238135517615547e+02
-2.825361152398070885e+02
-2.821537011268461583e+02
-2.817878808325681916e+02
-2.814506018979213309e+02
-2.811538756674669912e+02
-2.809090544676365653e+02
-2.807260762042116085e+02
-2.806127155647269547e+02
-2.805739720898658334e+02
-2.806116531334403703e+02
-2.807242300566842914e+02
-2.809069809545909493e+02
-2.811523969952481252e+02
-2.814508042457194961e+02
-2.817910905620530002e+02
-2.821614802992344835e+02
-2.825502283110997723e+02
-2.829462206075432391e+02
-2.833393917152962445e+02
-2.837210071758105983e+02
-2.840837651345718200e+02
-2.844218014718015297e+02
-2.847305749073350967e+02
-2.850067188497533266e+02
-2.852478392624101957e+02
-2.854523285825331982e+02
-2.856191723246994343e+02
-2.857477945357798035e+02
-2.858379222577744372e+02
-2.858894932366037551e+02
-2.859025958420994584e+02
-2.858774480642672984e+02
-2.858144160749772595e+02
-2.857140644785462200e+02
-2.855772513578896792e+02
-2.854052452418501389e+02
-2.851998865491155470e+02
-2.849637518288824367e+02
-2.847003504950665729e+02
-2.844142894169331157e+02
-2.841114359246195136e+02
-2.837989923686504312e+02
-2.834855149698861965e+02
-2.831807789226839986e+02
-2.828955344489019694e+02
-2.826410733499863568e+02
-2.824286843758984560e+02
-2.822689653814476287e+02
-2.821711124392112424e+02
-2.821422114354609789e+02
-2.821866663033089822e+02
-2.823058069804725960e+02
-2.824977612717336797e+02
-2.827575939392905298e+02
-2.830776997668884860e+02
-2.834483983707644370e+02
-2.838586352299541318e+02
-2.842967249989912943e+02
-2.847510245795655237e+02
-2.852105143495317066e+02
-2.856652086517707971e+02
-2.861064331346307767e+02
-2.865269310325418815e+02
-2.869208709376771935e+02
-2.872837406840392305e+02
-2.876122035584684795e+02
-2.879039028749805311e+02
-2.881572770590769892e+02
-2.883713676112636222e+02
-2.885456612984304456e+02
-2.886799491568651774e+02
-2.887742249880755026e+02
-2.888286118156715929e+02
-2.888433235008872089e+02
-2.888186601246213741e+02
-2.887550313233190309e+02
-2.886530169686665204e+02
-2.885134478079169753e+02
-2.883375248838252105e+02
-2.881269459001369455e+02
-2.878840650456277217e+02
-2.876120379071218167e+02
-2.873149797617497256e+02
-2.869980729237502715e+02
-2.866676509254637608e+02
-2.863311823324889929e+02
-2.859971864168678621e+02
-2.856750068459134582e+02
-2.853744908231591353e+02
-2.851055268278958579e+02
-2.848775175215848776e+02
-2.846987849221457054e+02
-2.845760078106470132e+02
-2.845137243903188278e+02
-2.845139874424933737e+02
-2.845762035568117199e+02
-2.846971836779335945e+02
-2.848714024258614472e+02
-2.850914157388770604e+02
-2.853484053765282624e+02
-2.856327510160062388e+02
-2.859346076803667529e+02
-2.862443886236828234e+02
-2.865531722757459647e+02
-2.868529605616307094e+02
-2.871368482626635341e+02
-2.873990576436642641e+02
-2.876349183495830744e+02
-2.878407581997342390e+02
-2.880137836200498214e+02
-2.881519175423164256e+02
-2.882536586676847605e+02
-2.883179308358230060e+02
-2.883439690116803149e+02
-2.883312149061132459e+02
-2.882792524246474954e+02
-2.881877645011400091e+02
-2.880565281991401889e+02
-2.878854404994070251e+02
-2.876745791848537124e+02
-2.874243030695412244e+02
-2.871353820273187125e+02
-2.868091707572309588e+02
-2.864477992101235486e+02
-2.860543983365546410e+02
-2.856333110764201706e+02
-2.851903055455016442e+02
-2.847327148630271267e+02
-2.842695162530930588e+02
-2.838112573746519161e+02
-2.833698489744252811e+02
-2.829581439483948202e+02
-2.825893553542963446e+02
-2.822762865407389086e+02
-2.820304829783819400e+02
-2.818613514819988950e+02
-2.817753916412962099e+02
-2.817756199618410733e+02
-2.818612890434056908e+02
-2.820279407613650164e+02
-2.822677799357755362e+02
-2.825703281656041099e+02
-2.829232359395205663e+02
-2.833131805813067672e+02
-2.837266971234722632e+02
-2.841509137711098560e+02
-2.845740814761963406e+02
-2.849859428431859669e+02
-2.853778841730946283e+02
-2.857429658769837602e+02
-2.860758034579876607e+02
-2.863724019410159372e+02
-2.866299189117381161e+02
-2.868464417478066935e+02
-2.870207478738626037e+02
-2.871521088755519031e+02
-2.872401056902374421e+02
-2.872844941681937598e+02
-2.872850932270744124e+02
-2.872417189694458557e+02
-2.871541473871413359e+02
-2.870221167652288727e+02
-2.868453653898266680e+02
-2.866237043017029009e+02
-2.863571344097270526e+02
-2.860459947967926837e+02
-2.856911611226242371e+02
