-3.391654369689609894e+02
-3.391587724585751857e+02
-3.391370042173384718e+02
-3.390985725734008156e+02
-3.390421158678683469e+02
-3.389664433086227291e+02
-3.388705730537931800e+02
-3.387537032502090142e+02
-3.386152455045704528e+02
-3.384548003162335590e+02
-3.382721896634367909e+02
-3.380674413685465538e+02
-3.378408228678871978e+02
-3.375928359373828016e+02
-3.373242514949466226e+02
-3.370361134714053151e+02
-3.367297714048804096e+02
-3.364068876837574749e+02
-3.360694615608904314e+02
-3.357198313814902235e+02
-3.353606794742399870e+02
-3.349950166397330804e+02
-3.346261583194662990e+02
-3.342576787960630895e+02
-3.338933505076175265e+02
-3.335370605357572344e+02
-3.331927152255256033e+02
-3.328641206914909958e+02
-3.325548670774903712e+02
-3.322681918182066738e+02
-3.320068699870701607e+02
-3.317730889568867951e+02
-3.315683797024490218e+02
-3.313935324846177082e+02
-3.312485964622870824e+02
-3.311328545741535549e+02
-3.310449000534102879e+02
-3.309826683655056740e+02
-3.309435756991718449e+02
-3.309245869955514081e+02
-3.309223861543451335e+02
-3.309334496803889465e+02
-3.309542147575585318e+02
-3.309811343328628936e+02
-3.310108177627753889e+02
-3.310400545255553766e+02
-3.310659168185366639e+02
-3.310857534605404453e+02
-3.310972565266311562e+02
-3.310984352965085122e+02
-3.310876561480612281e+02
-3.310636100082213602e+02
-3.310253356188084126e+02
-3.309721930714945302e+02
-3.309038785088694681e+02
-3.308204102517885303e+02
-3.307221387559590084e+02
-3.306097473464920995e+02
-3.304842561107464007e+02
-3.303470317899809743e+02
-3.301997801061659743e+02
-3.300445538707884907e+02
-3.298837243461167645e+02
-3.297199748528438477e+02
-3.295562395607769872e+02
-3.293956698007429509e+02
-3.292415346639330096e+02
-3.290971536136549958e+02
-3.289657639940039644e+02
-3.288504250960668287e+02
-3.287538735333097861e+02
-3.286784183944129722e+02
-3.286258164663649950e+02
-3.285971894828241489e+02
-3.285929533024245188e+02
-3.286127845727385193e+02
-3.286556276825610894e+02
-3.287197215742518210e+02
-3.288026848855098478e+02
-3.289015915751432999e+02
-3.290131115313261603e+02
-3.291336072221338895e+02
-3.292592947428506136e+02
-3.293863291149505699e+02
-3.295109526314290065e+02
-3.296295465675598280e+02
-3.297387457534274517e+02
-3.298354497066541740e+02
-3.299168982135291230e+02
-3.299806485711180812e+02
-3.300246185279584665e+02
-3.300470446056801279e+02
-3.300465045196626761e+02
-3.300218735285174603e+02
-3.299723385052217850e+02
-3.298973671992973777e+02
-3.297967242846530098e+02
-3.296704632155824584e+02
-3.295189493991975382e+02
-3.293428786078507642e+02
-3.291433070211026575e+02
-3.289216924858216657e+02
-3.286799235592636137e+02
-3.284203703816865527e+02
-3.281458961975993702e+02
-3.278598946296743293e+02
-3.275662604310783763e+02
-3.272693828567225296e+02
-3.269740513571542238e+02
-3.266853791286150681e+02
-3.264086319197256785e+02
-3.261490751476092669e+02
-3.259117423031468661e+02
-3.257012328354302326e+02
-3.255214746461639947e+02
-3.253755308682879104e+02
-3.252654321807548286e+02
-3.251920632098500050e+02
-3.251551286206391183e+02
-3.251531614520349649e+02
-3.251836414125860983e+02
-3.252431147953093955e+02
-3.253274257383973236e+02
-3.254318918695315688e+02
-3.255515734559643874e+02
-3.256814354028102798e+02
-3.258165846904805676e+02
-3.259523697736885879e+02
-3.260845455948451672e+02
-3.262093004427303526e+02
-3.263233444345340786e+02
-3.264238815492768140e+02
-3.265086419313046235e+02
-3.265758292009828665e+02
-3.266241231000591938e+02
-3.266526329065746381e+02
-3.266608899594585296e+02
-3.266488256067410134e+02
-3.266167654329194647e+02
-3.265654364306478783e+02
-3.264959624837914589e+02
-3.264098938787059296e+02
-3.263091934794382496e+02
-3.261962702875909486e+02
-3.260739393343797019e+02
-3.259454351299442010e+02
-3.258143269721211936e+02
-3.256844898950123479e+02
-3.255599650051868821e+02
-3.254448777910964168e+02
-3.253432518411121919e+02
-3.252588864011778469e+02
-3.251951558237950053e+02
-3.251548814802790730e+02
-3.251401669143529602e+02
-3.251523103964188408e+02
-3.251917243587616895e+02
-3.252579235959520929e+02
-3.253495529620134334e+02
-3.254644566433237856e+02
-3.255998009138519933e+02
-3.257521972355112325e+02
-3.259178786520792528e+02
-3.260928325315613847e+02
-3.262729799057887021e+02
-3.264542784642497963e+02
-3.266328678931012632e+02
-3.268051236145882967e+02
-3.269677524422593820e+02
-3.271177985082103419e+02
-3.272526931328094975e+02
-3.273702288079333016e+02
-3.274685766193070435e+02
-3.275462471645896017e+02
-3.276020919658543562e+02
-3.276352678726040040e+02
-3.276452335311756201e+02
-3.276317287502344016e+02
-3.275947729852150019e+02
-3.275346635273474476e+02
-3.274519777886342808e+02
-3.273475894349041369e+02
-3.272226718957875278e+02
-3.270787267021221396e+02
-3.269175814855956332e+02
-3.267414203640648793e+02
-3.265527669958527213e+02
-3.263545037113823923e+02
-3.261498287893701331e+02
-3.259422501916413353e+02
-3.257355080561314367e+02
-3.255335333888966716e+02
-3.253403334883474827e+02
-3.251599145857165354e+02
-3.249961406739689664e+02
-3.248526320096013364e+02
-3.247326232207278167e+02
-3.246388636210243135e+02
-3.245735027684415854e+02
-3.245380255710097686e+02
-3.245331977612034393e+02
-3.245590546186707002e+02
-3.246149207748076151e+02
-3.246994568862624533e+02
-3.248107453778740137e+02
-3.249463800233631900e+02
-3.251035898697946322e+02
-3.252793441487694963e+02
-3.254704818212219948e+02
-3.256738050736327637e+02
-3.258861879181150698e+02
-3.261046417058925613e+02
-3.263263882817788613e+02
-3.265488960599607253e+02
-3.267699147595181444e+02
-3.269874893406951060e+02
-3.271999648844433182e+02
-3.274059863147607530e+02
-3.276044827124549101e+02
-3.277946640095800035e+02
-3.279759916048351442e+02
-3.281481786044648175e+02
-3.283111498609201817e+02
-3.284650478685195480e+02
-3.286101878488414627e+02
-3.287470664036503649e+02
-3.288763108798540884e+02
-3.289986898213022641e+02
-3.291150568080287826e+02
-3.292263596344157008e+02
-3.293335791827938692e+02
-3.294377366998905359e+02
-3.295398296382287526e+02
-3.296408357690507387e+02
-3.297416504693821366e+02
-3.298430901586991126e+02
-3.299458348286378282e+02
-3.300504335645560445e+02
-3.301572587257973623e+02
-3.302665156273569096e+02
-3.303782121907456713e+02
-3.304921754795297488e+02
-3.306080388169261255e+02
-3.307252652814756289e+02
-3.308431508212568701e+02
-3.309608534367599759e+02
-3.310774105659172619e+02
-3.311917689152303979e+02
-3.313028106151820111e+02
-3.314093821306831842e+02
-3.315103240375607925e+02
-3.316044947001615242e+02
-3.316907994941350353e+02
-3.317682086955157388e+02
-3.318357830908898904e+02
-3.318926861299923985e+02
-3.319382045199767504e+02
-3.319717562402308317e+02
-3.319929061209162455e+02
-3.320013721893620868e+02
-3.319970363077189859e+02
-3.319799512699624415e+02
-3.319503473945723044e+02
-3.319086413989830930e+02
-3.318554385394733686e+02
-3.317915438917942765e+02
-3.317179584380725146e+02
-3.316358903897050254e+02
-3.315467423800893698e+02
-3.314521207724066585e+02
-3.313538093756796457e+02
-3.312537703998311827e+02
-3.311541027729587086e+02
-3.310570299317364515e+02
-3.309648400133712585e+02
-3.308798583763065153e+02
-3.308043717336153122e+02
-3.307405874351052830e+02
-3.306905488474459958e+02
-3.306560886989154824e+02
-3.306387483927659332e+02
-3.306397369686440015e+02
-3.306598700127115080e+02
-3.306995464688129118e+02
-3.307587202774157618e+02
-3.308369043005211552e+02
-3.309331793091279224e+02
-3.310462264376853341e+02
-3.311743721751477096e+02
-3.313156402617429421e+02
-3.314678210014863566e+02
-3.316285313804793304e+02
-3.317952930388759114e+02
-3.319655873607080707e+02
-3.321369281968391078e+02
-3.323069034138148368e+02
-3.324732321628834484e+02
-3.326337897626805784e+02
-3.327866466255426303e+02
-3.329300780215900772e+02
-3.330625856541151961e+02
-3.331828978578073475e+02
-3.332899776303287354e+02
-3.333830193307785521e+02
-3.334614473264630305e+02
-3.335249146984826325e+02
-3.335732956622260303e+02
-3.336066892767670993e+02
-3.336254080628862084e+02
-3.336299866369553797e+02
-3.336211660134154613e+02
-3.335999060054386973e+02
-3.335673628897662297e+02
-3.335249014309203517e+02
-3.334740626597877622e+02
-3.334165703735072839e+02
-3.333542859863961780e+02
-3.332892042747492383e+02
-3.332233934576437946e+02
-3.331589774344179204e+02
-3.330980630855330560e+02
-3.330427095357644589e+02
-3.329948490093977966e+02
-3.329562488992768863e+02
-3.329284374864330402e+02
-3.329126668987654512e+02
-3.329098569016089186e+02
-3.329205714108521761e+02
-3.329449897493816479e+02
-3.329829040552066886e+02
-3.330337248984463940e+02
-3.330965007457625120e+02
-3.331699564062868717e+02
-3.332525293324463860e+02
-3.333424317680568834e+02
-3.334376946595787103e+02
-3.335362403404209317e+02
-3.336359234450675331e+02
-3.337346025761389114e+02
-3.338301699340739788e+02
-3.339206131358915854e+02
-3.340040298609534943e+02
-3.340786760926702641e+02
-3.341429680243082316e+02
-3.341955155503925994e+02
-3.342351154414776033e+02
-3.342607735680850851e+02
-3.342716941285281678e+02
-3.342672938204745492e+02
-3.342471922891893996e+02
-3.342112210654364617e+02
-3.341594180594311752e+02
-3.340920327966722425e+02
-3.340095260191151851e+02
-3.339125707795618041e+02
-3.338020551475294724e+02
-3.336790779719194120e+02
-3.335449513483543456e+02
-3.334011866863205000e+02
-3.332494916066546580e+02
-3.330917435181767132e+02
-3.329299757217503384e+02
-3.327663355236595066e+02
-3.326030558580568481e+02
-3.324423988838219088e+02
-3.322866129815477620e+02
-3.321378665819447633e+02
-3.319981955135518206e+02
-3.318694380938691211e+02
-3.317531813185142937e+02
-3.316507096363592382e+02
-3.315629621146418913e+02
-3.314905079718271850e+02
-3.314335231445920158e+02
-3.313917995851344926e+02
-3.313647465850599474e+02
-3.313514330786836695e+02
-3.313506088080931704e+02
-3.313607732730590101e+02
-3.313802080748425851e+02
-3.314070590526529827e+02
-3.314393698585674883e+02
-3.314751639348410208e+02
-3.315124706271238892e+02
-3.315493980297363805e+02
-3.315841462740397105e+02
-3.316150657902158514e+02
-3.316406601303701223e+02
-3.316596274834848259e+02
-3.316708559260706579e+02
-3.316734510542708563e+02
-3.316667282119462357e+02
-3.316502292086425427e+02
-3.316237153353301892e+02
-3.315871753630867147e+02
-3.315408217129835862e+02
-3.314850905123265079e+02
-3.314206405881290607e+02
-3.313483445671948857e+02
-3.312692880520592666e+02
-3.311847492336831351e+02
-3.310961937854327175e+02
-3.310052402922727310e+02
-3.309136458238455134e+02
-3.308232555761315439e+02
-3.307359757783506780e+02
-3.306537087561120529e+02
-3.305783140470932153e+02
-3.305115351848821206e+02
-3.304549538079676267e+02
-3.304099196231823612e+02
-3.303775073313680082e+02
-3.303584636570698763e+02
-3.303531781683286113e+02
-3.303616598320700177e+02
-3.303835300956283731e+02
-3.304180357917953188e+02
-3.304640658737858985e+02
-3.305201980461459925e+02
-3.305847339550982724e+02
-3.306557698684915181e+02
-3.307312385699619881e+02
-3.308089900981762526e+02
-3.308868292930597477e+02
-3.309625918606195114e+02
-3.310341701357922943e+02
-3.310995767732059676e+02
-3.311569539304235263e+02
-3.312046215505462214e+02
-3.312410727580439698e+02
-3.312650072729051658e+02
-3.312753183727621717e+02
-3.312711149275739899e+02
-3.312517057799651070e+02
-3.312166138668036410e+02
-3.311655622834831547e+02
-3.310984839946964939e+02
-3.310155118799076490e+02
-3.309169845525082678e+02
-3.308034408105366424e+02
-3.306756211441123128e+02
-3.305344641807365633e+02
-3.303811026678027929e+02
-3.302168587494692815e+02
-3.300432320496205421e+02
-3.298618902695142765e+02
-3.296746486666601186e+02
-3.294834527321139603e+02
-3.292903485157410159e+02
-3.290974569059338819e+02
-3.289069365971199659e+02
-3.287209511803034161e+02
-3.285416286412515205e+02
-3.283710247183319666e+02
-3.282110839421241621e+02
-3.280636039145109635e+02
-3.279302040509236349e+02
-3.278122951948218429e+02
-3.277110600987153930e+02
-3.276274331729932783e+02
-3.275620942950396852e+02
-3.275154601489011839e+02
-3.274876913904959679e+02
-3.274786951762710601e+02
-3.274881437696834610e+02
-3.275154853605455969e+02
-3.275599704190928492e+02
-3.276206681451950544e+02
-3.276964958327208137e+02
-3.277862389103190139e+02
-3.278885801426662852e+02
-3.280021194943356591e+02
-3.281254013544875079e+02
-3.282569330965382619e+02
-3.283952075664082599e+02
-3.285387203899084625e+02
-3.286859876044454722e+02
-3.288355602064487471e+02
-3.289860365492911569e+02
-3.291360750421544026e+02
-3.292844014023517047e+02
-3.294298191548472232e+02
-3.295712127308863728e+02
-3.297075559240802249e+02
-3.298379110771534215e+02
-3.299614357994355487e+02
-3.300773793206392952e+02
-3.301850881699953675e+02
-3.302839995045945329e+02
-3.303736461593396712e+02
-3.304536482736555172e+02
-3.305237173231641350e+02
-3.305836464642726469e+02
-3.306333138781167804e+02
-3.306726722133394674e+02
-3.307017510270276830e+02
-3.307206454933393047e+02
-3.307295178840265066e+02
-3.307285855731514062e+02
-3.307181211763984265e+02
-3.306984411200679119e+02
-3.306699032910590859e+02
-3.306328964606174736e+02
-3.305878357803963468e+02
-3.305351537714736878e+02
-3.304752936252527320e+02
-3.304087027905117679e+02
-3.303358232100904388e+02
-3.302570888586863020e+02
-3.301729149670717334e+02
-3.300836984367825835e+02
-3.299898067334557368e+02
-3.298915825848966392e+02
-3.297893325070942865e+02
-3.296833364901160053e+02
-3.295738365006700406e+02
-3.294610510658418434e+02
-3.293451640545490591e+02
-3.292263436191441315e+02
-3.291047314167306013e+02
-3.289804646524942768e+02
-3.288536659173244061e+02
-3.287244680137229693e+02
-3.285930033987759202e+02
-3.284594302593404791e+02
-3.283239221239139169e+02
-3.281866934616777485e+02
-3.280479895291431944e+02
-3.279081102986325504e+02
-3.277673998788903873e+02
-3.276262676840833592e+02
-3.274851772550404121e+02
-3.273446629479689705e+02
-3.272053178617542244e+02
-3.270678053419600246e+02
-3.269328451916716176e+02
-3.268012182071744292e+02
-3.266737505156546604e+02
-3.265513109333714397e+02
-3.264347923580664315e+02
-3.263251025895472708e+02
-3.262231424553414172e+02
-3.261297907582612083e+02
-3.260458805837145633e+02
-3.259721809503894860e+02
-3.259093721782958255e+02
-3.258580277050546670e+02
-3.258185920025613314e+02
-3.257913656086957417e+02
-3.257764886466908933e+02
-3.257739332556244563e+02
-3.257834945714938613e+02
-3.258047932255202568e+02
-3.258372754556116888e+02
-3.258802263364603959e+02
-3.259327779800719327e+02
-3.259939325738047273e+02
-3.260625764656599017e+02
-3.261375098936198924e+02
-3.262174641617448287e+02
-3.263011339692596948e+02
-3.263871945367695844e+02
-3.264743328908239164e+02
-3.265612619044156304e+02
-3.266467477181271875e+02
-3.267296203342702370e+02
-3.268087947601600831e+02
-3.268832774745224583e+02
-3.269521813400433530e+02
-3.270147289326880014e+02
-3.270702611329370484e+02
-3.271182384354980286e+02
-3.271582443301051626e+02
-3.271899851007685811e+02
-3.272132890211722156e+02
-3.272281060052253565e+02
-3.272345027240153286e+02
-3.272326626272449630e+02
-3.272228772746875052e+02
-3.272055464771592028e+02
-3.271811667267730286e+02
-3.271503309232313654e+02
-3.271137139235743803e+02
-3.270720714554477695e+02
-3.270262233384571573e+02
-3.269770514618504080e+02
-3.269254811894789441e+02
-3.268724783864918777e+02
-3.268190300855169994e+02
-3.267661409766727729e+02
-3.267148139194970327e+02
-3.266660469360667776e+02
-3.266208146808521633e+02
-3.265800661802634863e+02
-3.265447078795571088e+02
-3.265156027086104018e+02
-3.264935548237942271e+02
-3.264793103578833779e+02
-3.264735433551034021e+02
-3.264768581253688922e+02
-3.264897756727568776e+02
-3.265127374610290758e+02
-3.265460920053770906e+02
-3.265900997556808534e+02
-3.266449195772614758e+02
-3.267106148654681306e+02
-3.267871397336537029e+02
-3.268743473199720597e+02
-3.269719772564625941e+02
-3.270796657262508802e+02
-3.271969354961848921e+02
-3.273232090604673772e+02
-3.274578021849155220e+02
-3.275999406035406878e+02
-3.277487573786984854e+02
-3.279033134215176233e+02
-3.280625989532270523e+02
-3.282255562268303493e+02
-3.283910844300554572e+02
-3.285580640628321589e+02
-3.287253635148911712e+02
-3.288918632152352188e+02
-3.290564625178819824e+02
-3.292181025964529795e+02
-3.293757718139561916e+02
-3.295285262160220441e+02
-3.296754924648765837e+02
-3.298158855963184806e+02
-3.299490086735043519e+02
-3.300742683774645343e+02
-3.301911706581946078e+02
-3.302993348805509299e+02
-3.303984858200897747e+02
-3.304884665979577107e+02
-3.305692273982165261e+02
-3.306408373475329086e+02
-3.307034700718746194e+02
-3.307574147862317773e+02
-3.308030579223566292e+02
-3.308408936968741614e+02
-3.308715015897194576e+02
-3.308955545990580163e+02
-3.309137928228958572e+02
-3.309270289980760253e+02
-3.309361177931043017e+02
-3.309419575506252613e+02
-3.309454561756712678e+02
-3.309475289425129745e+02
-3.309490625058666637e+02
-3.309509094768470732e+02
-3.309538531573610953e+02
-3.309586004384826197e+02
-3.309657507404173202e+02
-3.309757896944337858e+02
-3.309890658527241953e+02
-3.310057876390488332e+02
-3.310260115944456061e+02
-3.310496438651457538e+02
-3.310764420636055547e+02
-3.311060218464610898e+02
-3.311378721941484855e+02
-3.311713661453704276e+02
-3.312057871900354371e+02
-3.312403445101983834e+02
-3.312742041514769653e+02
-3.313065059140766380e+02
-3.313363975303000188e+02
-3.313630501193720193e+02
-3.313856910518065888e+02
-3.314036167738084941e+02
-3.314162215140138414e+02
-3.314230073327410082e+02
-3.314236068730497777e+02
-3.314177910793845854e+02
-3.314054846307553817e+02
-3.313867730180984950e+02
-3.313619095097379841e+02
-3.313313215664624067e+02
-3.312956086190606015e+02
-3.312555468799710638e+02
-3.312120761079706881e+02
-3.311663007457215144e+02
-3.311194633358111332e+02
-3.310729389679221981e+02
-3.310281941724242643e+02
-3.309867718420007350e+02
-3.309502355891594334e+02
-3.309201448738689351e+02
-3.308979894845611511e+02
-3.308851570951896406e+02
-3.308828657717489818e+02
-3.308921313006549099e+02
-3.309137087127709265e+02
-3.309480678602956232e+02
-3.309953556544468256e+02
-3.310553880974556478e+02
-3.311276408647891571e+02
-3.312112614078901061e+02
-3.313050900593603387e+02
-3.314076897952921854e+02
-3.315173925164704087e+02
-3.316323391835595658e+02
-3.317505409947802377e+02
-3.318699201083802564e+02
-3.319883744599612214e+02
-3.321038105416401436e+02
-3.322142020817983621e+02
-3.323176102234946825e+02
-3.324122309469980792e+02
-3.324964011087205336e+02
-3.325686336786907304e+02
-3.326276140216843942e+02
-3.326722230031755885e+02
-3.327015277283914543e+02
-3.327147966834665453e+02
-3.327114898174568793e+02
-3.326912679695074644e+02
-3.326539859284882255e+02
-3.325996982346380832e+02
-3.325286571607043697e+02
-3.324413161830227637e+02
-3.323383313171261193e+02
-3.322205610833833589e+02
-3.320890696703256140e+02
-3.319451198115154398e+02
-3.317901741552653903e+02
-3.316258784184550450e+02
-3.314540545160106149e+02
-3.312766717004707289e+02
-3.310958268189464775e+02
-3.309137016133802263e+02
-3.307325290012161076e+02
-3.305545388310441126e+02
-3.303819110121564222e+02
-3.302167167441631932e+02
-3.300608654110651514e+02
-3.299160516446991096e+02
-3.297837058591409232e+02
-3.296649597062007047e+02
-3.295606099412975141e+02
-3.294711123717023042e+02
-3.293965672204688531e+02
-3.293367447242019352e+02
-3.292910930996289380e+02
-3.292587933097166228e+02
-3.292387845574752419e+02
-3.292298376491722252e+02
-3.292305900708207673e+02
-3.292396251852858882e+02
-3.292555074092280165e+02
-3.292768554208430487e+02
-3.293023712913411032e+02
-3.293308993631664521e+02
-3.293614471286435901e+02
-3.293932256644974359e+02
-3.294256634156089376e+02
-3.294584267367350776e+02
-3.294914298597546463e+02
-3.295248338606211860e+02
-3.295590541671713822e+02
-3.295947403219029184e+02
-3.296327771576791861e+02
-3.296742432134546448e+02
-3.297204038958589081e+02
-3.297726463427798080e+02
-3.298324611102545418e+02
-3.299013554633756371e+02
-3.299808223353898597e+02
-3.300722384998463212e+02
-3.301768266565175622e+02
-3.302955525656849431e+02
-3.304290919876246448e+02
-3.305777450039518612e+02
-3.307414220888004479e+02
-3.309195942836182098e+02
-3.311113089198038324e+02
-3.313151859627130307e+02
-3.315294660080269296e+02
-3.317520499944606627e+02
-3.319805701986360873e+02
-3.322124599624364691e+02
-3.324450313265043064e+02
-3.326755548426920086e+02
-3.329013271487321504e+02
-3.331197426765444334e+02
-3.333283400557666596e+02
-3.335248543441692846e+02
-3.337072396490964366e+02
-3.338736996138878794e+02
-3.340226899692469829e+02
-3.341529317914288413e+02
-3.342634036262986115e+02
-3.343533422241530388e+02
-3.344222349678474302e+02
-3.344698147982188061e+02
-3.344960593044392567e+02
-3.345011841681168221e+02
-3.344856524256518355e+02
-3.344501670669510531e+02
-3.343956897282423029e+02
-3.343234294142636145e+02
-3.342348649193927486e+02
-3.341317242332762021e+02
-3.340160018627501586e+02
-3.338899217297993118e+02
-3.337559390501966163e+02
-3.336166806295184983e+02
-3.334749232203625411e+02
-3.333335095140443514e+02
-3.331953007901096271e+02
-3.330630749926622229e+02
-3.329394600259968229e+02
-3.328268294499383728e+02
-3.327272316101623915e+02
-3.326423047695595301e+02
-3.325732213047768369e+02
-3.325206434586696673e+02
-3.324846983249405525e+02
-3.324649871867038087e+02
-3.324605970800370187e+02
-3.324701617610169251e+02
-3.324919032532843062e+02
-3.325237294420290368e+02
-3.325632898605170453e+02
-3.326080896936982754e+02
-3.326555399459923024e+02
-3.327030675114758651e+02
-3.327481478944920923e+02
-3.327883968626920819e+02
-3.328215820343414748e+02
-3.328456906636045574e+02
-3.328589226860887038e+02
-3.328597374587858440e+02
-3.328468359227466067e+02
-3.328191917041148145e+02
-3.327760317205184606e+02
-3.327168573716647870e+02
-3.326414307368851837e+02
-3.325497904787734456e+02
-3.324422474909360972e+02
-3.323193963225874654e+02
-3.321821198125833803e+02
-3.320315931675997945e+02
-3.318692922821077218e+02
-3.316969853789815375e+02
-3.315167351722902822e+02
-3.313308693299373431e+02
-3.311419658822669589e+02
-3.309527955003258626e+02
-3.307662800472977551e+02
-3.305854049645403734e+02
-3.304131489115110867e+02
-3.302523733233337566e+02
-3.301057317271774991e+02
-3.299755562144324017e+02
-3.298637657616508250e+02
-3.297717774615482540e+02
-3.297004388193910813e+02
-3.296499903495822537e+02
-3.296200415757004407e+02
-3.296096002348375578e+02
-3.296170963404445047e+02
-3.296404737570602492e+02
-3.296772504654890099e+02
-3.297246500936583971e+02
-3.297796748415369734e+02
-3.298392483530797108e+02
-3.299002769845206444e+02
-3.299597778461852045e+02
-3.300149138877575865e+02
-3.300630924239952719e+02
-3.301019723343786723e+02
-3.301295297678197471e+02
-3.301440464862594126e+02
-3.301441504224212622e+02
-3.301287970462862518e+02
-3.300972953086123880e+02
-3.300492968922038699e+02
-3.299848149906938488e+02
-3.299042317535202073e+02
-3.298083135709153453e+02
-3.296982392799876038e+02
-3.295756105017912319e+02
-3.294424915010814061e+02
-3.293014036235127833e+02
-3.291553614855995988e+02
-3.290078314096042504e+02
-3.288627391598806753e+02
-3.287243715665807144e+02
-3.285973309382684988e+02
-3.284863656073231368e+02
-3.283962593721172993e+02
-3.283315996592349961e+02
-3.282966175298045073e+02
-3.282949337979157463e+02
-3.283293958920663727e+02
-3.284018682871856072e+02
-3.285131296102517240e+02
-3.286627741532862501e+02
-3.288492179947138538e+02
-3.290697451156873399e+02
-3.293206286164687526e+02
-3.295973031016005166e+02
-3.298945593134033629e+02
-3.302067822049606320e+02
-3.305281524735368635e+02
-3.308528787197333259e+02
-3.311753481407138224e+02
-3.314903018121515856e+02
-3.317929060858996309e+02
-3.320788534923318593e+02
-3.323443594258521898e+02
-3.325861979378327646e+02
-3.328016479239145156e+02
-3.329884868298502738e+02
-3.331449160515883818e+02
-3.332695350090151578e+02
-3.333612708307730941e+02
-3.334193529832904233e+02
-3.334432627116744356e+02
-3.334327188091395442e+02
-3.333876574087861400e+02
-3.333082345017118087e+02
-3.331948390618237568e+02
-3.330481132359456637e+02
-3.328689990639900316e+02
-3.326587715750242182e+02
-3.324191110193315808e+02
-3.321521395680951514e+02
-3.318605024814127091e+02
-3.315473903770440529e+02
-3.312166037892933446e+02
-3.308725330078150364e+02
-3.305201720109583903e+02
-3.301650271800572796e+02
-3.298130483727746878e+02
-3.294704485050748417e+02
-3.291435395145421694e+02
-3.288384756250338228e+02
-3.285610191623276819e+02
-3.283162619902631718e+02
-3.281083875909122867e+02
-3.279404566240020245e+02
-3.278142485422980030e+02
-3.277301915768375125e+02
-3.276873421404599753e+02
-3.276834916510534299e+02
-3.277152827627479041e+02
-3.277784566508145758e+02
-3.278680483267183376e+02
-3.279786921375971929e+02
-3.281048143997956004e+02
-3.282409137636886385e+02
-3.283816887775284954e+02
-3.285222402082503663e+02
-3.286581157636020407e+02
-3.287854229898711651e+02
-3.289008057934789235e+02
-3.290014884801769313e+02
-3.290852178017772189e+02
-3.291502671492572745e+02
-3.291953779811059349e+02
-3.292197511464572699e+02
-3.292230115169475084e+02
-3.292052016537123791e+02
-3.291667815691835699e+02
-3.291086287926491991e+02
-3.290320715170624908e+02
-3.289388890302633399e+02
-3.288313637185125344e+02
-3.287122650101623549e+02
-3.285848953201079325e+02
-3.284530334253566366e+02
-3.283209440770723404e+02
-3.281932567737532054e+02
-3.280749112587647573e+02
-3.279709612027188541e+02
-3.278864484423710337e+02
-3.278261472304002382e+02
-3.277943930604033085e+02
-3.277948188066276884e+02
-3.278301940622380926e+02
-3.279022274663529402e+02
-3.280114833226832616e+02
-3.281573137777174907e+02
-3.283378955264689694e+02
-3.285503134936457172e+02
-3.287907089717600684e+02
-3.290544807370610556e+02
-3.293364917742151192e+02
-3.296313168998874517e+02
-3.299334381021876652e+02
-3.302374675275725053e+02
-3.305382802101631796e+02
-3.308311684169631803e+02
-3.311118941008613206e+02
-3.313767667168286266e+02
-3.316226295430516871e+02
-3.318468764011514054e+02
-3.320474009513568490e+02
-3.322225786106041596e+02
-3.323712094249794973e+02
-3.324924885082811556e+02
-3.325859663391516392e+02
-3.326515237974744537e+02
-3.326893637353990130e+02
-3.326999977650270353e+02
-3.326842735038601404e+02
-3.326433728025516530e+02
-3.325788690317129976e+02
-3.324927278032780009e+02
-3.323873792178445683e+02
-3.322657041304648260e+02
-3.321310972530084769e+02
-3.319874146597686035e+02
-3.318389973538602362e+02
-3.316905562744215672e+02
-3.315471292886447259e+02
-3.314138915463926196e+02
-3.312960372107375520e+02
-3.311985302973666307e+02
-3.311259339870844656e+02
-3.310821499690131304e+02
-3.310702515735535485e+02
-3.310922835981019148e+02
-3.311491656304276034e+02
-3.312406177734404764e+02
-3.313651777503190488e+02
-3.315202772830126605e+02
-3.317023700072156771e+02
-3.319071279061780047e+02
-3.321296295859882548e+02
-3.323646096365897620e+02
-3.326066413482416237e+02
-3.328503678279693645e+02
-3.330906262943436218e+02
-3.333226169126246532e+02
-3.335419491404076098e+02
-3.337447369801203649e+02
-3.339275776859703910e+02
-3.340875876834491010e+02
-3.342223400472041703e+02
-3.343298644423475139e+02
-3.344085722452933851e+02
-3.344572432937814028e+02
-3.344749620751334760e+02
-3.344611070762990721e+02
-3.344153129663440609e+02
-3.343374722891834949e+02
-3.342277306839441167e+02
-3.340865047514352000e+02
-3.339145117955162618e+02
-3.337128012416389424e+02
-3.334828130896979701e+02
-3.332264147346088521e+02
-3.329459738733486347e+02
-3.326443839405844187e+02
-3.323251272348782095e+02
-3.319922638761768781e+02
-3.316504522773214489e+02
-3.313048726467679330e+02
-3.309611724074247832e+02
-3.306253035142843260e+02
-3.303033762054368481e+02
-3.300014170231621051e+02
-3.297251486206808408e+02
-3.294797154806823301e+02
-3.292694471612180678e+02
-3.290976326921149280e+02
-3.289663486916543889e+02
-3.288763644419582874e+02
-3.288270982404523579e+02
-3.288166941970399080e+02
-3.288421164512797645e+02
-3.288993734343201822e+02
-3.289837007170784773e+02
-3.290898574126356948e+02
-3.292123193881733414e+02
-3.293455628291802100e+02
-3.294842020560572564e+02
-3.296232026437104423e+02
-3.297579366910127305e+02
-3.298843089776340207e+02
-3.299987397185565783e+02
-3.300982185449752251e+02
-3.301802460039504581e+02
-3.302428434005381064e+02
-3.302844872792276192e+02
-3.303041024991281915e+02
-3.303010140936408447e+02
-3.302749418735663767e+02
-3.302259840082463143e+02
-3.301546194103969469e+02
-3.300617253400185405e+02
-3.299485842856775548e+02
-3.298169254646183504e+02
-3.296689245530635048e+02
-3.295072496376578215e+02
-3.293350335128310462e+02
-3.291558970778559683e+02
-3.289738719683154500e+02
-3.287933737874047893e+02
-3.286190595436432318e+02
-3.284557336814570476e+02
-3.283081432227543246e+02
-3.281808271992833284e+02
-3.280778808486972480e+02
-3.280027872541608076e+02
-3.279582107171673897e+02
-3.279458694015787614e+02
-3.279664232293388864e+02
-3.280194379934352469e+02
-3.281034074074366345e+02
-3.282158251327533662e+02
-3.283533328528761785e+02
-3.285118705002900583e+02
-3.286868999362663999e+02
-3.288735757966084634e+02
-3.290669778496327353e+02
-3.292622468070240984e+02
-3.294547722434869570e+02
-3.296402627201544533e+02
-3.298148665419865893e+02
-3.299751763891122778e+02
-3.301182868828394703e+02
-3.302417553062025490e+02
-3.303436162366005533e+02
-3.304223266367620795e+02
-3.304767603306185038e+02
-3.305061635511910367e+02
-3.305101475641982915e+02
-3.304886717693199785e+02
-3.304420449219281295e+02
-3.303709432634517498e+02
-3.302764222320103613e+02
-3.301599662382702718e+02
-3.300235031280083149e+02
-3.298694718184187877e+02
-3.297008206862623183e+02
-3.295210667704068896e+02
-3.293342514860539723e+02
-3.291449571197720729e+02
-3.289581914621531382e+02
-3.287793293350023873e+02
-3.286139102683927149e+02
-3.284674944993977874e+02
-3.283453890277598930e+02
-3.282524443001968848e+02
-3.281927659812427009e+02
-3.281695182172451837e+02
-3.281847064990652711e+02
-3.282390664395680915e+02
-3.283319951513265096e+02
-3.284615770934067314e+02
-3.286246888039047462e+02
-3.288171538483526319e+02
-3.290339809117782579e+02
-3.292695844542836312e+02
-3.295180730562958615e+02
-3.297734546373565649e+02
-3.300298929826040535e+02
-3.302818377168899246e+02
-3.305242014473163863e+02
-3.307523983655083271e+02
-3.309624342910958603e+02
-3.311508700374913019e+02
-3.313148459416300966e+02
-3.314520040412676849e+02
-3.315604761643743927e+02
-3.316387992850395108e+02
-3.316858935524255685e+02
-3.317009964290922994e+02
-3.316836484186457028e+02
-3.316336623847888063e+02
-3.315511270552443079e+02
-3.314364190784139055e+02
-3.312902273390940309e+02
-3.311136081764784649e+02
-3.309080267188135736e+02
-3.306754467020301718e+02
-3.304183757174121752e+02
-3.301399687445808127e+02
-3.298440523145739576e+02
-3.295352059110074379e+02
-3.292187270904063894e+02
-3.289006437259146196e+02
-3.285875782931029221e+02
-3.282866486707432614e+02
-3.280052083947434767e+02
-3.277506227935340917e+02
-3.275299098329450089e+02
-3.273494367385532655e+02
-3.272145468475509347e+02
-3.271292780890916561e+02
-3.270961015762181887e+02
-3.271157785526635280e+02
-3.271873123113453516e+02
-3.273080085839993671e+02
-3.274736626275088156e+02
-3.276787929077204353e+02
-3.279169878210039428e+02
-3.281812108429961086e+02
-3.284641811746960229e+02
-3.287586357982542040e+02
-3.290576375447338933e+02
-3.293547238116844369e+02
-3.296440931124253098e+02
-3.299206323645534553e+02
-3.301799897349190474e+02
-3.304185156137617696e+02
-3.306332589239862614e+02
-3.308218700328179125e+02
-3.309825618991241072e+02
-3.311140166127508451e+02
-3.312153417089788832e+02
-3.312860077492622963e+02
-3.313258185691279891e+02
-3.313348911239410768e+02
-3.313136462497582215e+02
-3.312628344982817907e+02
-3.311835451268161705e+02
-3.310772710915577477e+02
-3.309459275717692321e+02
-3.307919403656599684e+02
-3.306182552833404884e+02
-3.304284237986987023e+02
-3.302265757580655645e+02
-3.300174663795788774e+02
-3.298063800137720136e+02
-3.295991010247665258e+02
-3.294017242409157120e+02
-3.292205280479433327e+02
-3.290616945110346023e+02
-3.289310995207451924e+02
-3.288339899909619248e+02
-3.287747518080118994e+02
-3.287566312116208564e+02
-3.287815690219061366e+02
-3.288500607166744771e+02
-3.289611304318563612e+02
-3.291123805764722761e+02
-3.293001212922333707e+02
-3.295195886395652565e+02
-3.297651761098172187e+02
-3.300307411939863869e+02
-3.303098502962603220e+02
-3.305960764999780395e+02
-3.308831806180854755e+02
-3.311653331270582612e+02
-3.314371959742466629e+02
-3.316940462976663753e+02
-3.319317660888120827e+02
-3.321468844649264724e+02
-3.323365077120963065e+02
-3.324983105299880890e+02
-3.326304449312546581e+02
-3.327315112975898614e+02
-3.328004773455874101e+02
-3.328366514860246639e+02
-3.328396326970836299e+02
-3.328092995736292892e+02
-3.327458030140996357e+02
-3.326495771639584405e+02
-3.325213792425385577e+02
-3.323623228084060202e+02
-3.321739614570527124e+02
-3.319583367334194008e+02
-3.317180921849884498e+02
-3.314565166384497843e+02
-3.311776593125840691e+02
-3.308863340066828300e+02
-3.305881888962302355e+02
-3.302896241872821861e+02
-3.299977621940004155e+02
-3.297202340963203255e+02
-3.294650098978682990e+02
-3.292400452232117800e+02
-3.290529821234970314e+02
-3.289107135117856160e+02
-3.288190376316098877e+02
-3.287822666395545639e+02
-3.288029717225978743e+02
-3.288817820702363974e+02
-3.290173390182491175e+02
-3.292063698662080355e+02
-3.294438774147902222e+02
-3.297234569912972688e+02
-3.300376382933566219e+02
-3.303783161837853299e+02
-3.307371039888125210e+02
-3.311057328959267352e+02
-3.314762999512892634e+02
-3.318415423171312568e+02
-3.321949346855961380e+02
-3.325308192012325321e+02
-3.328443732739449388e+02
-3.331316280449709097e+02
-3.333893599668327283e+02
-3.336150480980180077e+02
-3.338067434049275448e+02
-3.339630076508079242e+02
-3.340827996908108162e+02
-3.341654230514552637e+02
-3.342104517482080723e+02
-3.342177010237859918e+02
-3.341872027608902727e+02
-3.341192042352546423e+02
-3.340141967556588725e+02
-3.338729430517019523e+02
-3.336965562208720257e+02
-3.334865509342604355e+02
-3.332449629520874623e+02
-3.329744096228296257e+02
-3.326782271433966685e+02
-3.323605114257501896e+02
-3.320262316999784957e+02
-3.316812060552057346e+02
-3.313321336773238954e+02
-3.309864512435340203e+02
-3.306522269194941259e+02
-3.303378631828908851e+02
-3.300518315816793233e+02
-3.298022448449446529e+02
-3.295964845297762622e+02
-3.294407470046132858e+02
-3.293396926560164957e+02
-3.292961259691236933e+02
-3.293108173936868752e+02
-3.293824517803324738e+02
-3.295077072054889982e+02
-3.296814970009167496e+02
-3.298972650120213075e+02
-3.301474203971062025e+02
-3.304237128313822041e+02
-3.307176968168046756e+02
-3.310210398594209664e+02
-3.313258837049912131e+02
-3.316250018923499283e+02
-3.319120047341373834e+02
-3.321813434429712402e+02
-3.324283768309397260e+02
-3.326492719050153255e+02
-3.328409837857728348e+02
-3.330011151500759752e+02
-3.331278612891560442e+02
-3.332198788580794826e+02
-3.332762339528308644e+02
-3.332963112755838893e+02
-3.332797853066456355e+02
-3.332265867485737658e+02
-3.331369061784201335e+02
-3.330112235220757384e+02
-3.328503455750321791e+02
-3.326554965228124274e+02
-3.324283833696580359e+02
-3.321713336738715157e+02
-3.318873692454521915e+02
-3.315803610886569572e+02
-3.312550716640858468e+02
-3.309172719788958830e+02
-3.305736934757888434e+02
-3.302320344957070120e+02
-3.299007565543281544e+02
-3.295889165979528457e+02
-3.293057777361728427e+02
-3.290604596085632920e+02
-3.288614157278548760e+02
-3.287159929969003542e+02
-3.286299277497637377e+02
-3.286069891026955929e+02
-3.286486898049523688e+02
-3.287541831641909198e+02
-3.289203175699033750e+02
-3.291418395134843422e+02
-3.294117660352548000e+02
-3.297217959778245699e+02
-3.300628364513950146e+02
-3.304254374509893637e+02
-3.308002808755322235e+02
-3.311784833883363603e+02
-3.315519246294465461e+02
-3.319133598952450939e+02
-3.322565663245151768e+02
-3.325762947578917874e+02
-3.328682798247665460e+02
-3.331291016540524197e+02
-3.333561255478746261e+02
-3.335473409758469074e+02
-3.337012844847224642e+02
-3.338169022997886373e+02
-3.338934877025674837e+02
-3.339305915148675012e+02
-3.339279884434012047e+02
-3.338856445137186029e+02
-3.338037166382613918e+02
-3.336825788230235617e+02
-3.335228533437722831e+02
-3.333254920776001882e+02
-3.330918350581349046e+02
-3.328237350091151256e+02
-3.325236284512226348e+02
-3.321946806584877550e+02
-3.318408402762843252e+02
-3.314669626098926187e+02
-3.310788012463541463e+02
-3.306830497946714331e+02
-3.302872148530232721e+02
-3.298995160973621523e+02
-3.295286012729848153e+02
-3.291832804143173803e+02
-3.288721006170223973e+02
-3.286029617710803450e+02
-3.283826547065693831e+02
-3.282164865244137673e+02
-3.281079431086534441e+02
-3.280584811037131203e+02
-3.280674560856364224e+02
-3.281321718051618177e+02
-3.282481077175097539e+02
-3.284091931262092885e+02
-3.286082370166952273e+02
-3.288372942090132369e+02
-3.290881348534011295e+02
-3.293525529194114370e+02
-3.296227400671177179e+02
-3.298914506617547886e+02
-3.301522209356492681e+02
-3.303993841988919371e+02
-3.306281512422020228e+02
-3.308345223151816299e+02
-3.310152785397029902e+02
-3.311678517699488680e+02
-3.312902791575753554e+02
-3.313810797472061722e+02
-3.314392083434373717e+02
-3.314639697906854394e+02
-3.314549919492446293e+02
-3.314121915345334628e+02
-3.313357741582147469e+02
-3.312262546346780709e+02
-3.310844822281889037e+02
-3.309117108322073477e+02
-3.307096414031972245e+02
-3.304805252577938290e+02
-3.302272045959819025e+02
-3.299532205880735205e+02
-3.296628214665092287e+02
-3.293610322461162809e+02
-3.290535868563231929e+02
-3.287469103721429633e+02
-3.284479373573205976e+02
-3.281639693008476115e+02
-3.279023699878324578e+02
-3.276703049990202317e+02
-3.274743613558701441e+02
-3.273202365280350818e+02
-3.272123891665364681e+02
-3.271537940970834484e+02
-3.271457489534242313e+02
-3.271877998804411618e+02
-3.272777834145648512e+02
-3.274119547621546644e+02
-3.275852478405429338e+02
-3.277915425246132486e+02
-3.280240415725053822e+02
-3.282755638043976205e+02
-3.285389104131481304e+02
-3.288070818773983888e+02
-3.290735470257270094e+02
-3.293323373457569119e+02
-3.295781934030728735e+02
-3.298065470893652105e+02
-3.300135673668496565e+02
-3.301960731641864299e+02
-3.303515194179087757e+02
-3.304778871929264596e+02
-3.305736482975473223e+02
-3.306376697461906815e+02
-3.306691819404135799e+02
-3.306677195251832018e+02
-3.306331075693460662e+02
-3.305654480912513691e+02
-3.304651288314537965e+02
-3.303328572097898927e+02
-3.301696881631880842e+02
-3.299770986851413568e+02
-3.297570267612658199e+02
-3.295119676860758204e+02
-3.292450039522282168e+02
-3.289598951780028528e+02
-3.286610679369612171e+02
-3.283536587636545505e+02
-3.280434259859186454e+02
-3.277367041412346680e+02
-3.274402092954420596e+02
-3.271608801925394232e+02
-3.269055813629025806e+02
-3.266808507219406579e+02
-3.264925560760207759e+02
-3.263456211279900572e+02
-3.262437365717891566e+02
-3.261891680316460906e+02
-3.261826270705614093e+02
-3.262232402914988256e+02
-3.263086323720777955e+02
-3.264350680609170468e+02
-3.265977112226491386e+02
-3.267908735524167696e+02
-3.270083547944211091e+02
-3.272436960595518940e+02
-3.274904946052209311e+02
-3.277425818439800196e+02
-3.279942458148389619e+02
-3.282403037659253187e+02
-3.284762177413389850e+02
-3.286980781261225388e+02
-3.289026355730482010e+02
-3.290872342661268704e+02
-3.292497958153375066e+02
-3.293887427943847115e+02
-3.295029661576864441e+02
-3.295917679810345362e+02
-3.296548323758183301e+02
-3.296922024300185967e+02
-3.297042630711803781e+02
-3.296917556932903040e+02
-3.296557713851645417e+02
-3.295977950299998724e+02
-3.295196999190068823e+02
-3.294238067675458979e+02
-3.293128609707658825e+02
-3.291900828679100641e+02
-3.290591089924900530e+02
-3.289240045236937249e+02
-3.287891485104585172e+02
-3.286591882448084334e+02
-3.285388602833166942e+02
-3.284328820684980883e+02
-3.283457256227912922e+02
-3.282814686261578458e+02
-3.282435655967627781e+02
-3.282347069338093775e+02
-3.282566489148733808e+02
-3.283101362625667434e+02
-3.283948444328074743e+02
-3.285094002056126783e+02
-3.286514540702906970e+02
-3.288177933849435703e+02
-3.290045173927253472e+02
-3.292072011872785424e+02
-3.294211153203543745e+02
-3.296413841649768415e+02
-3.298631909354681397e+02
-3.300818868093198262e+02
-3.302931435416459180e+02
-3.304929959729368534e+02
-3.306779312116227061e+02
-3.308448753179318942e+02
-3.309912299758296967e+02
-3.311148248059020034e+02
-3.312139217170373513e+02
-3.312871593214768495e+02
-3.313335448768672791e+02
-3.313524112983301393e+02
-3.313434118129019339e+02
-3.313065044928748648e+02
-3.312419575720926446e+02
-3.311503688476773277e+02
-3.310326843970155437e+02
-3.308902524834622909e+02
-3.307248513360825655e+02
-3.305387678245398320e+02
-3.303348203703716877e+02
-3.301164435314605612e+02
-3.298876811690380464e+02
-3.296532431660035058e+02
-3.294184360017640074e+02
-3.291891521749094522e+02
-3.289717064794212433e+02
-3.287727265381341795e+02
-3.285988836578121663e+02
-3.284566844186061871e+02
-3.283521283600978222e+02
-3.282904496299627226e+02
-3.282757843820699009e+02
-3.283109544012050378e+02
-3.283972510049124480e+02
-3.285343537253552881e+02
-3.287203132173684708e+02
-3.289516492429869459e+02
-3.292235356777937909e+02
-3.295300427483977046e+02
-3.298644531084196956e+02
-3.302195546634068819e+02
-3.305879783948629438e+02
-3.309624430636523584e+02
-3.313360249582510164e+02
-3.317022958175915051e+02
-3.320554846013360475e+02
-3.323905020217512174e+02
-3.327030009948074394e+02
-3.329893179972418125e+02
-3.332464651610973192e+02
-3.334720306703760002e+02
-3.336641376210811245e+02
-3.338213407048845625e+02
-3.339425797427733187e+02
-3.340270970143109253e+02
-3.340744025770331973e+02
-3.340842265130922897e+02
-3.340565045059931322e+02
-3.339913714194952945e+02
-3.338891707840759295e+02
-3.337504924978989038e+02
-3.335762057084769481e+02
-3.333675386835553240e+02
-3.331261308167775610e+02
-3.328541457536950929e+02
-3.325543296677399212e+02
-3.322301368417991512e+02
-3.318857682220321408e+02
-3.315262733699567548e+02
-3.311575276810132777e+02
-3.307862593196814487e+02
-3.304199173937071805e+02
-3.300665727271118612e+02
-3.297346448266177390e+02
-3.294326566972671344e+02
-3.291688365256001134e+02
-3.289507692477630485e+02
-3.287849626091587538e+02
-3.286765064309326476e+02
-3.286287452627230437e+02
-3.286430841634673925e+02
-3.287188965804265877e+02
-3.288535639996169948e+02
-3.290426575303422965e+02
-3.292801938090481144e+02
-3.295590147909441043e+02
-3.298711452901771395e+02
-3.302082297706941176e+02
-3.305618540021987997e+02
-3.309239086652381161e+02
-3.312867863690662489e+02
-3.316436065309325727e+02
-3.319882686707579751e+02
-3.323155427535099875e+02
-3.326210132323952848e+02
-3.329010752965119195e+02
-3.331528243644901863e+02
-3.333740063436606533e+02
-3.335628991931835685e+02
-3.337182537938100495e+02
-3.338391996582880665e+02
-3.339251980070254717e+02
-3.339759877304780957e+02
-3.339915604721657587e+02
-3.339721532841447242e+02
-3.339182479448415393e+02
-3.338306096329242791e+02
-3.337103078783363230e+02
-3.335587951513835492e+02
-3.333779406505976226e+02
-3.331701343291332478e+02
-3.329383162430443122e+02
-3.326860803578078958e+02
-3.324176708355138885e+02
-3.321380471657540738e+02
-3.318528104458306416e+02
-3.315681859529796611e+02
-3.312908457252547123e+02
-3.310277776295221770e+02
-3.307859980885903610e+02
-3.305723150250727826e+02
-3.303929742086692727e+02
-3.302533783117345934e+02
-3.301577631637281911e+02
-3.301089758781312753e+02
-3.301082938851704398e+02
-3.301553561499419516e+02
-3.302481958774912414e+02
-3.303833550396284977e+02
-3.305561166695619022e+02
-3.307607490211536856e+02
-3.309908486246685015e+02
-3.312396107912780963e+02
-3.315001710526685201e+02
-3.317658100044011462e+02
-3.320302100064559454e+02
-3.322875502788771769e+02
-3.325326531196970450e+02
-3.327609749100103045e+02
-3.329686589626024329e+02
-3.331524592546543886e+02
-3.333097351053895068e+02
-3.334383499131761255e+02
-3.335366423664908098e+02
-3.336033330772168597e+02
-3.336374965551713103e+02
-3.336384962250052126e+02
-3.336059704302650175e+02
-3.335398056996579612e+02
-3.334401418897326153e+02
-3.333073863905657390e+02
-3.331422383809438656e+02
-3.329457400844555650e+02
-3.327193146732954574e+02
-3.324648450138714111e+02
-3.321847134769229228e+02
-3.318818888871878698e+02
-3.315599470991295448e+02
-3.312231372174455259e+02
-3.308763529671781498e+02
-3.305251414261604168e+02
-3.301755936402298630e+02
-3.298342623141497256e+02
-3.295079539520673393e+02
-3.292035450706472943e+02
-3.289276923033314119e+02
-3.286865780928674212e+02
-3.284856007661833814e+02
-3.283291244662759709e+02
-3.282202428550825744e+02
-3.281606238354150946e+02
-3.281504322794433506e+02
-3.281883291200417716e+02
-3.282715837517436057e+02
-3.283962220120659481e+02
-3.285572856359706861e+02
-3.287490633174326149e+02
-3.289654076895025696e+02
-3.291999610020148452e+02
-3.294464407059305699e+02
-3.296987938337300648e+02
-3.299513976911576378e+02
-3.301991210931580554e+02
-3.304374310593223640e+02
-3.306623757040513851e+02
-3.308706172903151810e+02
-3.310593696821524645e+02
-3.312263883868162679e+02
-3.313698967614809021e+02
-3.314885587184688234e+02
-3.315814181084390384e+02
-3.316478720308636525e+02
-3.316876367671991943e+02
-3.317007298199527554e+02
-3.316874663303481157e+02
-3.316484511760231157e+02
-3.315846022621250881e+02
-3.314971476999829179e+02
-3.313876664840381068e+02
-3.312580809771709482e+02
-3.311106996221280383e+02
-3.309481903806557739e+02
-3.307736060146659156e+02
-3.305903234758177973e+02
-3.304020317849845014e+02
-3.302126257777062506e+02
-3.300261442283535871e+02
-3.298466190225021819e+02
-3.296779659279919201e+02
-3.295238100980375862e+02
-3.293873536329164722e+02
-3.292712154323202753e+02
-3.291773160819315081e+02
-3.291067782731553848e+02
-3.290598674442619540e+02
-3.290359885842566996e+02
-3.290337016665512238e+02
-3.290508199283963791e+02
-3.290844896471189145e+02
-3.291313624741704871e+02
-3.291877048717237244e+02
-3.292495981494628268e+02
-3.293130361828861510e+02
-3.293741096584810180e+02
-3.294290616939475740e+02
-3.294744291656589894e+02
-3.295070493931229976e+02
-3.295241517353858285e+02
-3.295233260169434288e+02
-3.295025749494923275e+02
-3.294602664562842733e+02
-3.293951646692064514e+02
-3.293063912190500560e+02
-3.291934532697862892e+02
-3.290562360185108446e+02
-3.288950427505840253e+02
-3.287106339384653779e+02
-3.285042853667637246e+02
-3.282778778241690816e+02
-3.280339667284138159e+02
-3.277759069563694538e+02
-3.275079048993488868e+02
-3.272351355454616737e+02
-3.269637242203626215e+02
-3.267007842045816801e+02
-3.264542557826846405e+02
-3.262327872941349938e+02
-3.260453771801098810e+02
-3.259010612012899628e+02
-3.258083765567080263e+02
-3.257749164984473396e+02
-3.258067520362740197e+02
-3.259080243776768384e+02
-3.260805402046499353e+02
-3.263236084616488597e+02
-3.266339924032295130e+02
-3.270060948017016358e+02
-3.274322888239618123e+02
-3.279033786561749935e+02
-3.284091529610429916e+02
-3.289389174586949025e+02
-3.294820439981955928e+02
-3.300283758067583904e+02
-3.305686067988841046e+02
-3.310944655884105146e+02
-3.315988791823238557e+02
-3.320759557192312172e+02
-3.325209792841100125e+02
-3.329302708843518417e+02
-3.333010934085011741e+02
-3.336314734477016373e+02
-3.339200830095681454e+02
-3.341660805584751301e+02
-3.343690090587768964e+02
-3.345286868565257805e+02
-3.346451390622083295e+02
-3.347185492578263961e+02
-3.347492291755443148e+02
-3.347376325642233041e+02
-3.346843622400501772e+02
-3.345902450531429508e+02
-3.344563719725975943e+02
-3.342842271268049217e+02
-3.340757524952481390e+02
-3.338335150941894653e+02
-3.335607746551239643e+02
-3.332616554456539006e+02
-3.329411763141609981e+02
-3.326053707942965616e+02
-3.322612196572547418e+02
-3.319166476786098201e+02
-3.315802978381734647e+02
-3.312613476032489643e+02
-3.309691035677035416e+02
-3.307126424086810630e+02
-3.305002902864293333e+02
-3.303391908159842387e+02
-3.302348279228199885e+02
-3.301906966877282912e+02
-3.302080588478586947e+02
-3.302858728908495891e+02
-3.304208904990027236e+02
-3.306078796627353427e+02
-3.308400166957804345e+02
-3.311092900498410927e+02
-3.314070201639147513e+02
-3.317242647761138414e+02
-3.320522822395494131e+02
-3.323827988618904783e+02
-3.327083097576414161e+02
-3.330221633553926495e+02
-3.333186886986371746e+02
-3.335931345212978840e+02
-3.338416723675986759e+02
-3.340612607850155769e+02
-3.342495878067023796e+02
-3.344049253798408472e+02
-3.345260612127045761e+02
-3.346121866036058350e+02
-3.346628465683173772e+02
-3.346778837348819593e+02
-3.346574195412499080e+02
-3.346018613606205463e+02
-3.345119169776917261e+02
-3.343886623859440874e+02
-3.342335830321044909e+02
-3.340486895998909631e+02
-3.338365686642941910e+02
-3.336005188101295289e+02
-3.333445782832791906e+02
-3.330736352570808663e+02
-3.327933836797600975e+02
-3.325103466598861814e+02
-3.322317073290390681e+02
-3.319651894568729062e+02
-3.317187347960454531e+02
-3.315002292541654469e+02
-3.313170620676893350e+02
-3.311757609786733383e+02
-3.310815517209386485e+02
-3.310380400313128462e+02
-3.310469329101301241e+02
-3.311079126295939545e+02
-3.312186415663290973e+02
-3.313748907710244112e+02
-3.315708298542198804e+02
-3.317993466895997585e+02
-3.320525025300244124e+02
-3.323218974288907361e+02
-3.325991252694240075e+02
-3.328760443317555087e+02
-3.331451123999281663e+02
-3.333994946146317488e+02
-3.336332419518724919e+02
-3.338412465104461262e+02
-3.340192912101930460e+02
-3.341639084332161360e+02
-3.342723548956577702e+02
-3.343424351589283106e+02
-3.343724508567123621e+02
-3.343610361364208075e+02
-3.343071143193320722e+02
-3.342097733138758144e+02
-3.340682481209163370e+02
-3.338818524435169479e+02
-3.336499976376495624e+02
-3.333721906256365628e+02
-3.330480981697317020e+02
-3.326776216109556685e+02
-3.322610124432314933e+02
-3.317990298675451868e+02
-3.312931095074587802e+02
-3.307455948525736176e+02
-3.301599377128144965e+02
-3.295409619950086153e+02
-3.288950325079912886e+02
-3.282302549748995943e+02
-3.275564950811455560e+02
-3.268853670788537329e+02
-3.262299568733478168e+02
-3.256044568483334842e+02
-3.250235114519283570e+02
-3.245014809902733077e+02
-3.240515197756377574e+02
-3.236846853248335947e+02
-3.234090949404605908e+02
-3.232292831641524344e+02
-3.231458591417073194e+02
-3.231554488121389568e+02
-3.232510539489958887e+02
-3.234225913801797674e+02
-3.236577716586488691e+02
-3.239429111070062959e+02
-3.242639125051476299e+02
-3.246069456186809816e+02
-3.249591731817897085e+02
-3.253090721903153621e+02
-3.256467814316494014e+02
-3.259640710965426251e+02
-3.262543850075703062e+02
-3.265125985400126183e+02
-3.267349016726596460e+02
-3.269184944567335833e+02
-3.270614320492869638e+02
-3.271623597072479015e+02
-3.272203880881348255e+02
-3.272349166949736627e+02
-3.272055674942119481e+02
-3.271321140976392030e+02
-3.270144818802205009e+02
-3.268527883335532351e+02
-3.266474122290602509e+02
-3.263991455448163492e+02
-3.261093304201578462e+02
-3.257801136581803689e+02
-3.254146323120821762e+02
-3.250173323621341979e+02
-3.245941429884312583e+02
-3.241527648660924683e+02
-3.237027112192685081e+02
-3.232554059942838194e+02
-3.228239243902762610e+02
-3.224227228201385742e+02
-3.220669532978666894e+02
-3.217717612014501469e+02
-3.215512446723852804e+02
-3.214175132914189135e+02
-3.213796505941433566e+02
-3.214429768044097386e+02
-3.216085145969911991e+02
-3.218728872217853905e+02
-3.222285817224039306e+02
-3.226645592571101133e+02
-3.231671610771618361e+02
-3.237210877322263514e+02
-3.243104758340267040e+02
-3.249197595380062467e+02
-3.255344788807238388e+02
-3.261417286895638767e+02
-3.267305300597856217e+02
-3.272918561559148998e+02
-3.278186442730329304e+02
-3.283055577843314268e+02
-3.287488104799238045e+02
-3.291458431202638621e+02
-3.294951029826634681e+02
-3.297957540496777256e+02
-3.300474927684160775e+02
