1.000000 0.000000 0.000000
0.000000 1.000000 0.000000
0.000000 0.000000 1.000000
-2.000000 -1.000000 1.000000
-2.000000 1.000000 -1.000000
2.000000 -1.000000 -1.000000
-1.000000 -1.000000 -1.000000 W
-2.500000 -0.500000 -0.000000 W
-0.000000 -1.500000 -0.500000 Pt
-1.500000 -1.000000 0.500000 Pt
-2.500000 -0.000000 -0.500000 Pt
-2.000000 -0.500000 -0.500000 Pt
-0.000000 -1.000000 -1.000000 W
-1.500000 -1.000000 -0.500000 Pt
-1.500000 -0.500000 0.000000 Pt
-1.000000 -1.000000 0.000000 Pt
-1.000000 -0.500000 -1.500000 W
-0.500000 -1.500000 -0.000000 W
-0.000000 -0.500000 -1.500000 W
-1.500000 -0.500000 -1.000000 Pt
-1.500000 0.000000 -0.500000 W
-1.000000 -0.500000 -0.500000 W
1.000000 -1.000000 -1.000000 Pt
-0.500000 -1.000000 -0.500000 W
-0.500000 -0.500000 0.000000 W
-2.000000 0.000000 -1.000000 Pt
-1.500000 0.500000 -1.000000 Pt
-1.000000 0.000000 -1.000000 W
-1.000000 -1.500000 -0.500000 W
-0.500000 -0.500000 -1.000000 W
-0.500000 0.000000 -0.500000 W
0.000000 -0.500000 -0.500000 Pt
-2.000000 -1.000000 -1.000000 W
0.500000 -1.000000 -0.500000 W
-0.500000 -0.000000 -1.500000 Pt
-2.000000 -1.000000 0.000000 Pt
0.500000 -0.500000 -1.000000 Pt
-3.000000 -0.500000 -0.500000 Pt
